date,start,end,11WD7BISC5GKW3-T,11WD7BISC5GKW2-W
01.01.2021,00:00,01:00,0.0,
01.01.2021,01:00,02:00,0.0,
01.01.2021,02:00,03:00,0.0,
01.01.2021,03:00,04:00,0.0,
01.01.2021,04:00,05:00,0.0,
01.01.2021,05:00,06:00,0.0,
01.01.2021,06:00,07:00,0.0,
01.01.2021,07:00,08:00,0.0,
01.01.2021,08:00,09:00,0.0,
01.01.2021,09:00,10:00,0.0,
01.01.2021,10:00,11:00,0.0,
01.01.2021,11:00,12:00,240.0,
01.01.2021,12:00,13:00,410.0,
01.01.2021,13:00,14:00,415.0,
01.01.2021,14:00,15:00,415.0,
01.01.2021,15:00,16:00,420.0,
01.01.2021,16:00,17:00,415.0,
01.01.2021,17:00,18:00,415.0,
01.01.2021,18:00,19:00,416.0,
01.01.2021,19:00,20:00,416.0,
01.01.2021,20:00,21:00,413.0,
01.01.2021,21:00,22:00,416.0,
01.01.2021,22:00,23:00,337.0,
01.01.2021,23:00,00:00,387.0,
02.01.2021,00:00,01:00,359.0,
02.01.2021,01:00,02:00,245.0,
02.01.2021,02:00,03:00,230.0,
02.01.2021,03:00,04:00,272.0,
02.01.2021,04:00,05:00,223.0,
02.01.2021,05:00,06:00,290.0,
02.01.2021,06:00,07:00,221.0,
02.01.2021,07:00,08:00,330.0,
02.01.2021,08:00,09:00,361.0,
02.01.2021,09:00,10:00,394.0,
02.01.2021,10:00,11:00,419.0,
02.01.2021,11:00,12:00,419.0,
02.01.2021,12:00,13:00,419.0,
02.01.2021,13:00,14:00,419.0,
02.01.2021,14:00,15:00,418.0,
02.01.2021,15:00,16:00,418.0,
02.01.2021,16:00,17:00,428.0,
02.01.2021,17:00,18:00,430.0,
02.01.2021,18:00,19:00,422.0,
02.01.2021,19:00,20:00,419.0,
02.01.2021,20:00,21:00,414.0,
02.01.2021,21:00,22:00,384.0,
02.01.2021,22:00,23:00,358.0,
02.01.2021,23:00,00:00,360.0,
03.01.2021,00:00,01:00,290.0,
03.01.2021,01:00,02:00,0.0,
03.01.2021,02:00,03:00,0.0,
03.01.2021,03:00,04:00,0.0,
03.01.2021,04:00,05:00,0.0,
03.01.2021,05:00,06:00,0.0,
03.01.2021,06:00,07:00,0.0,
03.01.2021,07:00,08:00,0.0,
03.01.2021,08:00,09:00,0.0,
03.01.2021,09:00,10:00,0.0,
03.01.2021,10:00,11:00,0.0,
03.01.2021,11:00,12:00,29.0,
03.01.2021,12:00,13:00,214.0,
03.01.2021,13:00,14:00,200.0,
03.01.2021,14:00,15:00,200.0,
03.01.2021,15:00,16:00,200.0,
03.01.2021,16:00,17:00,200.0,
03.01.2021,17:00,18:00,200.0,
03.01.2021,18:00,19:00,200.0,
03.01.2021,19:00,20:00,227.0,
03.01.2021,20:00,21:00,373.0,
03.01.2021,21:00,22:00,204.0,
03.01.2021,22:00,23:00,210.0,
03.01.2021,23:00,00:00,22.0,
04.01.2021,00:00,01:00,0.0,
04.01.2021,01:00,02:00,0.0,
04.01.2021,02:00,03:00,0.0,
04.01.2021,03:00,04:00,0.0,
04.01.2021,04:00,05:00,0.0,
04.01.2021,05:00,06:00,0.0,
04.01.2021,06:00,07:00,262.0,
04.01.2021,07:00,08:00,413.0,
04.01.2021,08:00,09:00,417.0,
04.01.2021,09:00,10:00,293.0,
04.01.2021,10:00,11:00,294.0,
04.01.2021,11:00,12:00,425.0,
04.01.2021,12:00,13:00,426.0,
04.01.2021,13:00,14:00,296.0,
04.01.2021,14:00,15:00,424.0,
04.01.2021,15:00,16:00,293.0,
04.01.2021,16:00,17:00,294.0,
04.01.2021,17:00,18:00,426.0,
04.01.2021,18:00,19:00,430.0,
04.01.2021,19:00,20:00,430.0,
04.01.2021,20:00,21:00,420.0,
04.01.2021,21:00,22:00,417.0,
04.01.2021,22:00,23:00,292.0,
04.01.2021,23:00,00:00,291.0,
05.01.2021,00:00,01:00,332.0,
05.01.2021,01:00,02:00,369.0,
05.01.2021,02:00,03:00,316.0,
05.01.2021,03:00,04:00,324.0,
05.01.2021,04:00,05:00,365.0,
05.01.2021,05:00,06:00,409.0,
05.01.2021,06:00,07:00,271.0,
05.01.2021,07:00,08:00,281.0,
05.01.2021,08:00,09:00,298.0,
05.01.2021,09:00,10:00,299.0,
05.01.2021,10:00,11:00,299.0,
05.01.2021,11:00,12:00,300.0,
05.01.2021,12:00,13:00,300.0,
05.01.2021,13:00,14:00,300.0,
05.01.2021,14:00,15:00,300.0,
05.01.2021,15:00,16:00,302.0,
05.01.2021,16:00,17:00,427.0,
05.01.2021,17:00,18:00,430.0,
05.01.2021,18:00,19:00,430.0,
05.01.2021,19:00,20:00,430.0,
05.01.2021,20:00,21:00,417.0,
05.01.2021,21:00,22:00,253.0,
05.01.2021,22:00,23:00,201.0,
05.01.2021,23:00,00:00,209.0,
06.01.2021,00:00,01:00,402.0,
06.01.2021,01:00,02:00,406.0,
06.01.2021,02:00,03:00,400.0,
06.01.2021,03:00,04:00,375.0,
06.01.2021,04:00,05:00,303.0,
06.01.2021,05:00,06:00,298.0,
06.01.2021,06:00,07:00,304.0,
06.01.2021,07:00,08:00,388.0,
06.01.2021,08:00,09:00,419.0,
06.01.2021,09:00,10:00,419.0,
06.01.2021,10:00,11:00,424.0,
06.01.2021,11:00,12:00,428.0,
06.01.2021,12:00,13:00,428.0,
06.01.2021,13:00,14:00,429.0,
06.01.2021,14:00,15:00,427.0,
06.01.2021,15:00,16:00,429.0,
06.01.2021,16:00,17:00,429.0,
06.01.2021,17:00,18:00,429.0,
06.01.2021,18:00,19:00,429.0,
06.01.2021,19:00,20:00,428.0,
06.01.2021,20:00,21:00,424.0,
06.01.2021,21:00,22:00,404.0,
06.01.2021,22:00,23:00,418.0,
06.01.2021,23:00,00:00,423.0,
07.01.2021,00:00,01:00,422.0,
07.01.2021,01:00,02:00,424.0,
07.01.2021,02:00,03:00,424.0,
07.01.2021,03:00,04:00,422.0,
07.01.2021,04:00,05:00,402.0,
07.01.2021,05:00,06:00,420.0,
07.01.2021,06:00,07:00,425.0,
07.01.2021,07:00,08:00,428.0,
07.01.2021,08:00,09:00,429.0,
07.01.2021,09:00,10:00,429.0,
07.01.2021,10:00,11:00,430.0,
07.01.2021,11:00,12:00,431.0,
07.01.2021,12:00,13:00,432.0,
07.01.2021,13:00,14:00,434.0,
07.01.2021,14:00,15:00,426.0,
07.01.2021,15:00,16:00,429.0,
07.01.2021,16:00,17:00,420.0,
07.01.2021,17:00,18:00,430.0,
07.01.2021,18:00,19:00,430.0,
07.01.2021,19:00,20:00,431.0,
07.01.2021,20:00,21:00,432.0,
07.01.2021,21:00,22:00,422.0,
07.01.2021,22:00,23:00,431.0,
07.01.2021,23:00,00:00,421.0,
08.01.2021,00:00,01:00,403.0,
08.01.2021,01:00,02:00,411.0,
08.01.2021,02:00,03:00,419.0,
08.01.2021,03:00,04:00,378.0,
08.01.2021,04:00,05:00,353.0,
08.01.2021,05:00,06:00,369.0,
08.01.2021,06:00,07:00,377.0,
08.01.2021,07:00,08:00,366.0,
08.01.2021,08:00,09:00,418.0,
08.01.2021,09:00,10:00,428.0,
08.01.2021,10:00,11:00,428.0,
08.01.2021,11:00,12:00,428.0,
08.01.2021,12:00,13:00,428.0,
08.01.2021,13:00,14:00,408.0,
08.01.2021,14:00,15:00,407.0,
08.01.2021,15:00,16:00,424.0,
08.01.2021,16:00,17:00,402.0,
08.01.2021,17:00,18:00,431.0,
08.01.2021,18:00,19:00,431.0,
08.01.2021,19:00,20:00,432.0,
08.01.2021,20:00,21:00,427.0,
08.01.2021,21:00,22:00,415.0,
08.01.2021,22:00,23:00,404.0,
08.01.2021,23:00,00:00,422.0,
09.01.2021,00:00,01:00,417.0,
09.01.2021,01:00,02:00,424.0,
09.01.2021,02:00,03:00,423.0,
09.01.2021,03:00,04:00,421.0,
09.01.2021,04:00,05:00,324.0,
09.01.2021,05:00,06:00,304.0,
09.01.2021,06:00,07:00,303.0,
09.01.2021,07:00,08:00,351.0,
09.01.2021,08:00,09:00,417.0,
09.01.2021,09:00,10:00,424.0,
09.01.2021,10:00,11:00,425.0,
09.01.2021,11:00,12:00,434.0,
09.01.2021,12:00,13:00,433.0,
09.01.2021,13:00,14:00,429.0,
09.01.2021,14:00,15:00,428.0,
09.01.2021,15:00,16:00,428.0,
09.01.2021,16:00,17:00,434.0,
09.01.2021,17:00,18:00,435.0,
09.01.2021,18:00,19:00,435.0,
09.01.2021,19:00,20:00,436.0,
09.01.2021,20:00,21:00,425.0,
09.01.2021,21:00,22:00,421.0,
09.01.2021,22:00,23:00,306.0,
09.01.2021,23:00,00:00,306.0,
10.01.2021,00:00,01:00,421.0,
10.01.2021,01:00,02:00,425.0,
10.01.2021,02:00,03:00,424.0,
10.01.2021,03:00,04:00,423.0,
10.01.2021,04:00,05:00,383.0,
10.01.2021,05:00,06:00,414.0,
10.01.2021,06:00,07:00,322.0,
10.01.2021,07:00,08:00,374.0,
10.01.2021,08:00,09:00,423.0,
10.01.2021,09:00,10:00,423.0,
10.01.2021,10:00,11:00,423.0,
10.01.2021,11:00,12:00,424.0,
10.01.2021,12:00,13:00,422.0,
10.01.2021,13:00,14:00,415.0,
10.01.2021,14:00,15:00,408.0,
10.01.2021,15:00,16:00,423.0,
10.01.2021,16:00,17:00,411.0,
10.01.2021,17:00,18:00,418.0,
10.01.2021,18:00,19:00,423.0,
10.01.2021,19:00,20:00,423.0,
10.01.2021,20:00,21:00,423.0,
10.01.2021,21:00,22:00,423.0,
10.01.2021,22:00,23:00,415.0,
10.01.2021,23:00,00:00,211.0,
11.01.2021,00:00,01:00,388.0,
11.01.2021,01:00,02:00,392.0,
11.01.2021,02:00,03:00,391.0,
11.01.2021,03:00,04:00,295.0,
11.01.2021,04:00,05:00,388.0,
11.01.2021,05:00,06:00,268.0,
11.01.2021,06:00,07:00,425.0,
11.01.2021,07:00,08:00,429.0,
11.01.2021,08:00,09:00,429.0,
11.01.2021,09:00,10:00,428.0,
11.01.2021,10:00,11:00,424.0,
11.01.2021,11:00,12:00,426.0,
11.01.2021,12:00,13:00,426.0,
11.01.2021,13:00,14:00,397.0,
11.01.2021,14:00,15:00,381.0,
11.01.2021,15:00,16:00,417.0,
11.01.2021,16:00,17:00,420.0,
11.01.2021,17:00,18:00,422.0,
11.01.2021,18:00,19:00,353.0,
11.01.2021,19:00,20:00,403.0,
11.01.2021,20:00,21:00,333.0,
11.01.2021,21:00,22:00,296.0,
11.01.2021,22:00,23:00,0.0,
11.01.2021,23:00,00:00,0.0,
12.01.2021,00:00,01:00,0.0,
12.01.2021,01:00,02:00,0.0,
12.01.2021,02:00,03:00,0.0,
12.01.2021,03:00,04:00,0.0,
12.01.2021,04:00,05:00,0.0,
12.01.2021,05:00,06:00,0.0,
12.01.2021,06:00,07:00,0.0,
12.01.2021,07:00,08:00,260.0,
12.01.2021,08:00,09:00,401.0,
12.01.2021,09:00,10:00,414.0,
12.01.2021,10:00,11:00,419.0,
12.01.2021,11:00,12:00,419.0,
12.01.2021,12:00,13:00,418.0,
12.01.2021,13:00,14:00,381.0,
12.01.2021,14:00,15:00,382.0,
12.01.2021,15:00,16:00,417.0,
12.01.2021,16:00,17:00,404.0,
12.01.2021,17:00,18:00,409.0,
12.01.2021,18:00,19:00,398.0,
12.01.2021,19:00,20:00,397.0,
12.01.2021,20:00,21:00,382.0,
12.01.2021,21:00,22:00,339.0,
12.01.2021,22:00,23:00,339.0,
12.01.2021,23:00,00:00,337.0,
13.01.2021,00:00,01:00,212.0,
13.01.2021,01:00,02:00,210.0,
13.01.2021,02:00,03:00,210.0,
13.01.2021,03:00,04:00,210.0,
13.01.2021,04:00,05:00,210.0,
13.01.2021,05:00,06:00,217.0,
13.01.2021,06:00,07:00,415.0,
13.01.2021,07:00,08:00,420.0,
13.01.2021,08:00,09:00,420.0,
13.01.2021,09:00,10:00,420.0,
13.01.2021,10:00,11:00,420.0,
13.01.2021,11:00,12:00,420.0,
13.01.2021,12:00,13:00,420.0,
13.01.2021,13:00,14:00,420.0,
13.01.2021,14:00,15:00,420.0,
13.01.2021,15:00,16:00,420.0,
13.01.2021,16:00,17:00,420.0,
13.01.2021,17:00,18:00,420.0,
13.01.2021,18:00,19:00,420.0,
13.01.2021,19:00,20:00,420.0,
13.01.2021,20:00,21:00,420.0,
13.01.2021,21:00,22:00,420.0,
13.01.2021,22:00,23:00,420.0,
13.01.2021,23:00,00:00,420.0,
14.01.2021,00:00,01:00,91.0,
14.01.2021,01:00,02:00,0.0,
14.01.2021,02:00,03:00,0.0,
14.01.2021,03:00,04:00,0.0,
14.01.2021,04:00,05:00,0.0,
14.01.2021,05:00,06:00,0.0,
14.01.2021,06:00,07:00,254.0,
14.01.2021,07:00,08:00,415.0,
14.01.2021,08:00,09:00,425.0,
14.01.2021,09:00,10:00,429.0,
14.01.2021,10:00,11:00,430.0,
14.01.2021,11:00,12:00,431.0,
14.01.2021,12:00,13:00,426.0,
14.01.2021,13:00,14:00,428.0,
14.01.2021,14:00,15:00,417.0,
14.01.2021,15:00,16:00,407.0,
14.01.2021,16:00,17:00,384.0,
14.01.2021,17:00,18:00,375.0,
14.01.2021,18:00,19:00,425.0,
14.01.2021,19:00,20:00,419.0,
14.01.2021,20:00,21:00,418.0,
14.01.2021,21:00,22:00,423.0,
14.01.2021,22:00,23:00,424.0,
14.01.2021,23:00,00:00,422.0,
15.01.2021,00:00,01:00,372.0,
15.01.2021,01:00,02:00,356.0,
15.01.2021,02:00,03:00,371.0,
15.01.2021,03:00,04:00,353.0,
15.01.2021,04:00,05:00,367.0,
15.01.2021,05:00,06:00,352.0,
15.01.2021,06:00,07:00,346.0,
15.01.2021,07:00,08:00,393.0,
15.01.2021,08:00,09:00,421.0,
15.01.2021,09:00,10:00,432.0,
15.01.2021,10:00,11:00,434.0,
15.01.2021,11:00,12:00,436.0,
15.01.2021,12:00,13:00,436.0,
15.01.2021,13:00,14:00,435.0,
15.01.2021,14:00,15:00,423.0,
15.01.2021,15:00,16:00,435.0,
15.01.2021,16:00,17:00,422.0,
15.01.2021,17:00,18:00,430.0,
15.01.2021,18:00,19:00,433.0,
15.01.2021,19:00,20:00,409.0,
15.01.2021,20:00,21:00,431.0,
15.01.2021,21:00,22:00,427.0,
15.01.2021,22:00,23:00,424.0,
15.01.2021,23:00,00:00,424.0,
16.01.2021,00:00,01:00,401.0,
16.01.2021,01:00,02:00,409.0,
16.01.2021,02:00,03:00,415.0,
16.01.2021,03:00,04:00,424.0,
16.01.2021,04:00,05:00,420.0,
16.01.2021,05:00,06:00,419.0,
16.01.2021,06:00,07:00,421.0,
16.01.2021,07:00,08:00,424.0,
16.01.2021,08:00,09:00,424.0,
16.01.2021,09:00,10:00,424.0,
16.01.2021,10:00,11:00,424.0,
16.01.2021,11:00,12:00,424.0,
16.01.2021,12:00,13:00,424.0,
16.01.2021,13:00,14:00,424.0,
16.01.2021,14:00,15:00,424.0,
16.01.2021,15:00,16:00,424.0,
16.01.2021,16:00,17:00,423.0,
16.01.2021,17:00,18:00,424.0,
16.01.2021,18:00,19:00,421.0,
16.01.2021,19:00,20:00,424.0,
16.01.2021,20:00,21:00,424.0,
16.01.2021,21:00,22:00,402.0,
16.01.2021,22:00,23:00,227.0,
16.01.2021,23:00,00:00,386.0,
17.01.2021,00:00,01:00,422.0,
17.01.2021,01:00,02:00,409.0,
17.01.2021,02:00,03:00,260.0,
17.01.2021,03:00,04:00,258.0,
17.01.2021,04:00,05:00,223.0,
17.01.2021,05:00,06:00,222.0,
17.01.2021,06:00,07:00,222.0,
17.01.2021,07:00,08:00,243.0,
17.01.2021,08:00,09:00,273.0,
17.01.2021,09:00,10:00,407.0,
17.01.2021,10:00,11:00,412.0,
17.01.2021,11:00,12:00,421.0,
17.01.2021,12:00,13:00,421.0,
17.01.2021,13:00,14:00,420.0,
17.01.2021,14:00,15:00,396.0,
17.01.2021,15:00,16:00,244.0,
17.01.2021,16:00,17:00,395.0,
17.01.2021,17:00,18:00,421.0,
17.01.2021,18:00,19:00,421.0,
17.01.2021,19:00,20:00,396.0,
17.01.2021,20:00,21:00,374.0,
17.01.2021,21:00,22:00,290.0,
17.01.2021,22:00,23:00,372.0,
17.01.2021,23:00,00:00,417.0,
18.01.2021,00:00,01:00,418.0,
18.01.2021,01:00,02:00,420.0,
18.01.2021,02:00,03:00,416.0,
18.01.2021,03:00,04:00,420.0,
18.01.2021,04:00,05:00,415.0,
18.01.2021,05:00,06:00,423.0,
18.01.2021,06:00,07:00,421.0,
18.01.2021,07:00,08:00,429.0,
18.01.2021,08:00,09:00,428.0,
18.01.2021,09:00,10:00,428.0,
18.01.2021,10:00,11:00,429.0,
18.01.2021,11:00,12:00,430.0,
18.01.2021,12:00,13:00,426.0,
18.01.2021,13:00,14:00,399.0,
18.01.2021,14:00,15:00,356.0,
18.01.2021,15:00,16:00,417.0,
18.01.2021,16:00,17:00,307.0,
18.01.2021,17:00,18:00,365.0,
18.01.2021,18:00,19:00,315.0,
18.01.2021,19:00,20:00,319.0,
18.01.2021,20:00,21:00,369.0,
18.01.2021,21:00,22:00,287.0,
18.01.2021,22:00,23:00,0.0,
18.01.2021,23:00,00:00,0.0,
19.01.2021,00:00,01:00,0.0,
19.01.2021,01:00,02:00,0.0,
19.01.2021,02:00,03:00,0.0,
19.01.2021,03:00,04:00,0.0,
19.01.2021,04:00,05:00,0.0,
19.01.2021,05:00,06:00,0.0,
19.01.2021,06:00,07:00,207.0,
19.01.2021,07:00,08:00,374.0,
19.01.2021,08:00,09:00,405.0,
19.01.2021,09:00,10:00,407.0,
19.01.2021,10:00,11:00,396.0,
19.01.2021,11:00,12:00,403.0,
19.01.2021,12:00,13:00,413.0,
19.01.2021,13:00,14:00,420.0,
19.01.2021,14:00,15:00,419.0,
19.01.2021,15:00,16:00,418.0,
19.01.2021,16:00,17:00,419.0,
19.01.2021,17:00,18:00,420.0,
19.01.2021,18:00,19:00,386.0,
19.01.2021,19:00,20:00,366.0,
19.01.2021,20:00,21:00,190.0,
19.01.2021,21:00,22:00,0.0,
19.01.2021,22:00,23:00,0.0,
19.01.2021,23:00,00:00,0.0,
20.01.2021,00:00,01:00,0.0,
20.01.2021,01:00,02:00,0.0,
20.01.2021,02:00,03:00,0.0,
20.01.2021,03:00,04:00,0.0,
20.01.2021,04:00,05:00,0.0,
20.01.2021,05:00,06:00,0.0,
20.01.2021,06:00,07:00,0.0,
20.01.2021,07:00,08:00,0.0,
20.01.2021,08:00,09:00,0.0,
20.01.2021,09:00,10:00,0.0,
20.01.2021,10:00,11:00,0.0,
20.01.2021,11:00,12:00,0.0,
20.01.2021,12:00,13:00,0.0,
20.01.2021,13:00,14:00,0.0,
20.01.2021,14:00,15:00,0.0,
20.01.2021,15:00,16:00,0.0,
20.01.2021,16:00,17:00,0.0,
20.01.2021,17:00,18:00,0.0,
20.01.2021,18:00,19:00,0.0,
20.01.2021,19:00,20:00,0.0,
20.01.2021,20:00,21:00,0.0,
20.01.2021,21:00,22:00,0.0,
20.01.2021,22:00,23:00,0.0,
20.01.2021,23:00,00:00,0.0,
21.01.2021,00:00,01:00,0.0,
21.01.2021,01:00,02:00,0.0,
21.01.2021,02:00,03:00,0.0,
21.01.2021,03:00,04:00,0.0,
21.01.2021,04:00,05:00,0.0,
21.01.2021,05:00,06:00,0.0,
21.01.2021,06:00,07:00,0.0,
21.01.2021,07:00,08:00,0.0,
21.01.2021,08:00,09:00,0.0,
21.01.2021,09:00,10:00,0.0,
21.01.2021,10:00,11:00,0.0,
21.01.2021,11:00,12:00,0.0,
21.01.2021,12:00,13:00,0.0,
21.01.2021,13:00,14:00,0.0,
21.01.2021,14:00,15:00,0.0,
21.01.2021,15:00,16:00,0.0,
21.01.2021,16:00,17:00,0.0,
21.01.2021,17:00,18:00,0.0,
21.01.2021,18:00,19:00,0.0,
21.01.2021,19:00,20:00,0.0,
21.01.2021,20:00,21:00,0.0,
21.01.2021,21:00,22:00,0.0,
21.01.2021,22:00,23:00,0.0,
21.01.2021,23:00,00:00,0.0,
22.01.2021,00:00,01:00,0.0,
22.01.2021,01:00,02:00,0.0,
22.01.2021,02:00,03:00,0.0,
22.01.2021,03:00,04:00,0.0,
22.01.2021,04:00,05:00,0.0,
22.01.2021,05:00,06:00,0.0,
22.01.2021,06:00,07:00,0.0,
22.01.2021,07:00,08:00,144.0,
22.01.2021,08:00,09:00,318.0,
22.01.2021,09:00,10:00,406.0,
22.01.2021,10:00,11:00,409.0,
22.01.2021,11:00,12:00,410.0,
22.01.2021,12:00,13:00,387.0,
22.01.2021,13:00,14:00,336.0,
22.01.2021,14:00,15:00,379.0,
22.01.2021,15:00,16:00,389.0,
22.01.2021,16:00,17:00,390.0,
22.01.2021,17:00,18:00,402.0,
22.01.2021,18:00,19:00,409.0,
22.01.2021,19:00,20:00,346.0,
22.01.2021,20:00,21:00,390.0,
22.01.2021,21:00,22:00,407.0,
22.01.2021,22:00,23:00,413.0,
22.01.2021,23:00,00:00,296.0,
23.01.2021,00:00,01:00,0.0,
23.01.2021,01:00,02:00,0.0,
23.01.2021,02:00,03:00,0.0,
23.01.2021,03:00,04:00,0.0,
23.01.2021,04:00,05:00,0.0,
23.01.2021,05:00,06:00,0.0,
23.01.2021,06:00,07:00,0.0,
23.01.2021,07:00,08:00,261.0,
23.01.2021,08:00,09:00,408.0,
23.01.2021,09:00,10:00,377.0,
23.01.2021,10:00,11:00,388.0,
23.01.2021,11:00,12:00,357.0,
23.01.2021,12:00,13:00,381.0,
23.01.2021,13:00,14:00,390.0,
23.01.2021,14:00,15:00,389.0,
23.01.2021,15:00,16:00,400.0,
23.01.2021,16:00,17:00,411.0,
23.01.2021,17:00,18:00,404.0,
23.01.2021,18:00,19:00,415.0,
23.01.2021,19:00,20:00,411.0,
23.01.2021,20:00,21:00,411.0,
23.01.2021,21:00,22:00,411.0,
23.01.2021,22:00,23:00,411.0,
23.01.2021,23:00,00:00,295.0,
24.01.2021,00:00,01:00,0.0,
24.01.2021,01:00,02:00,0.0,
24.01.2021,02:00,03:00,0.0,
24.01.2021,03:00,04:00,0.0,
24.01.2021,04:00,05:00,0.0,
24.01.2021,05:00,06:00,0.0,
24.01.2021,06:00,07:00,0.0,
24.01.2021,07:00,08:00,0.0,
24.01.2021,08:00,09:00,0.0,
24.01.2021,09:00,10:00,259.0,
24.01.2021,10:00,11:00,410.0,
24.01.2021,11:00,12:00,413.0,
24.01.2021,12:00,13:00,413.0,
24.01.2021,13:00,14:00,413.0,
24.01.2021,14:00,15:00,359.0,
24.01.2021,15:00,16:00,413.0,
24.01.2021,16:00,17:00,414.0,
24.01.2021,17:00,18:00,413.0,
24.01.2021,18:00,19:00,415.0,
24.01.2021,19:00,20:00,415.0,
24.01.2021,20:00,21:00,412.0,
24.01.2021,21:00,22:00,396.0,
24.01.2021,22:00,23:00,397.0,
24.01.2021,23:00,00:00,415.0,
25.01.2021,00:00,01:00,413.0,
25.01.2021,01:00,02:00,292.0,
25.01.2021,02:00,03:00,290.0,
25.01.2021,03:00,04:00,290.0,
25.01.2021,04:00,05:00,250.0,
25.01.2021,05:00,06:00,382.0,
25.01.2021,06:00,07:00,405.0,
25.01.2021,07:00,08:00,390.0,
25.01.2021,08:00,09:00,387.0,
25.01.2021,09:00,10:00,411.0,
25.01.2021,10:00,11:00,407.0,
25.01.2021,11:00,12:00,408.0,
25.01.2021,12:00,13:00,405.0,
25.01.2021,13:00,14:00,377.0,
25.01.2021,14:00,15:00,392.0,
25.01.2021,15:00,16:00,348.0,
25.01.2021,16:00,17:00,340.0,
25.01.2021,17:00,18:00,387.0,
25.01.2021,18:00,19:00,404.0,
25.01.2021,19:00,20:00,418.0,
25.01.2021,20:00,21:00,299.0,
25.01.2021,21:00,22:00,0.0,
25.01.2021,22:00,23:00,0.0,
25.01.2021,23:00,00:00,0.0,
26.01.2021,00:00,01:00,0.0,
26.01.2021,01:00,02:00,0.0,
26.01.2021,02:00,03:00,0.0,
26.01.2021,03:00,04:00,0.0,
26.01.2021,04:00,05:00,0.0,
26.01.2021,05:00,06:00,0.0,
26.01.2021,06:00,07:00,0.0,
26.01.2021,07:00,08:00,0.0,
26.01.2021,08:00,09:00,0.0,
26.01.2021,09:00,10:00,0.0,
26.01.2021,10:00,11:00,0.0,
26.01.2021,11:00,12:00,0.0,
26.01.2021,12:00,13:00,0.0,
26.01.2021,13:00,14:00,0.0,
26.01.2021,14:00,15:00,0.0,
26.01.2021,15:00,16:00,0.0,
26.01.2021,16:00,17:00,0.0,
26.01.2021,17:00,18:00,0.0,
26.01.2021,18:00,19:00,0.0,
26.01.2021,19:00,20:00,0.0,
26.01.2021,20:00,21:00,0.0,
26.01.2021,21:00,22:00,0.0,
26.01.2021,22:00,23:00,0.0,
26.01.2021,23:00,00:00,0.0,
27.01.2021,00:00,01:00,0.0,
27.01.2021,01:00,02:00,0.0,
27.01.2021,02:00,03:00,0.0,
27.01.2021,03:00,04:00,0.0,
27.01.2021,04:00,05:00,0.0,
27.01.2021,05:00,06:00,0.0,
27.01.2021,06:00,07:00,0.0,
27.01.2021,07:00,08:00,0.0,
27.01.2021,08:00,09:00,0.0,
27.01.2021,09:00,10:00,0.0,
27.01.2021,10:00,11:00,0.0,
27.01.2021,11:00,12:00,0.0,
27.01.2021,12:00,13:00,0.0,
27.01.2021,13:00,14:00,0.0,
27.01.2021,14:00,15:00,0.0,
27.01.2021,15:00,16:00,0.0,
27.01.2021,16:00,17:00,0.0,
27.01.2021,17:00,18:00,0.0,
27.01.2021,18:00,19:00,0.0,
27.01.2021,19:00,20:00,0.0,
27.01.2021,20:00,21:00,0.0,
27.01.2021,21:00,22:00,0.0,
27.01.2021,22:00,23:00,0.0,
27.01.2021,23:00,00:00,0.0,
28.01.2021,00:00,01:00,0.0,
28.01.2021,01:00,02:00,0.0,
28.01.2021,02:00,03:00,0.0,
28.01.2021,03:00,04:00,0.0,
28.01.2021,04:00,05:00,0.0,
28.01.2021,05:00,06:00,0.0,
28.01.2021,06:00,07:00,0.0,
28.01.2021,07:00,08:00,0.0,
28.01.2021,08:00,09:00,0.0,
28.01.2021,09:00,10:00,0.0,
28.01.2021,10:00,11:00,0.0,
28.01.2021,11:00,12:00,0.0,
28.01.2021,12:00,13:00,0.0,
28.01.2021,13:00,14:00,0.0,
28.01.2021,14:00,15:00,0.0,
28.01.2021,15:00,16:00,0.0,
28.01.2021,16:00,17:00,0.0,
28.01.2021,17:00,18:00,0.0,
28.01.2021,18:00,19:00,0.0,
28.01.2021,19:00,20:00,0.0,
28.01.2021,20:00,21:00,0.0,
28.01.2021,21:00,22:00,0.0,
28.01.2021,22:00,23:00,0.0,
28.01.2021,23:00,00:00,0.0,
29.01.2021,00:00,01:00,0.0,
29.01.2021,01:00,02:00,0.0,
29.01.2021,02:00,03:00,0.0,
29.01.2021,03:00,04:00,0.0,
29.01.2021,04:00,05:00,0.0,
29.01.2021,05:00,06:00,0.0,
29.01.2021,06:00,07:00,0.0,
29.01.2021,07:00,08:00,0.0,
29.01.2021,08:00,09:00,0.0,
29.01.2021,09:00,10:00,0.0,
29.01.2021,10:00,11:00,0.0,
29.01.2021,11:00,12:00,0.0,
29.01.2021,12:00,13:00,0.0,
29.01.2021,13:00,14:00,0.0,
29.01.2021,14:00,15:00,0.0,
29.01.2021,15:00,16:00,0.0,
29.01.2021,16:00,17:00,0.0,
29.01.2021,17:00,18:00,0.0,
29.01.2021,18:00,19:00,0.0,
29.01.2021,19:00,20:00,0.0,
29.01.2021,20:00,21:00,0.0,
29.01.2021,21:00,22:00,0.0,
29.01.2021,22:00,23:00,0.0,
29.01.2021,23:00,00:00,0.0,
30.01.2021,00:00,01:00,0.0,
30.01.2021,01:00,02:00,0.0,
30.01.2021,02:00,03:00,0.0,
30.01.2021,03:00,04:00,0.0,
30.01.2021,04:00,05:00,0.0,
30.01.2021,05:00,06:00,0.0,
30.01.2021,06:00,07:00,0.0,
30.01.2021,07:00,08:00,0.0,
30.01.2021,08:00,09:00,49.0,
30.01.2021,09:00,10:00,194.0,
30.01.2021,10:00,11:00,290.0,
30.01.2021,11:00,12:00,409.0,
30.01.2021,12:00,13:00,401.0,
30.01.2021,13:00,14:00,413.0,
30.01.2021,14:00,15:00,405.0,
30.01.2021,15:00,16:00,413.0,
30.01.2021,16:00,17:00,413.0,
30.01.2021,17:00,18:00,413.0,
30.01.2021,18:00,19:00,414.0,
30.01.2021,19:00,20:00,414.0,
30.01.2021,20:00,21:00,411.0,
30.01.2021,21:00,22:00,398.0,
30.01.2021,22:00,23:00,270.0,
30.01.2021,23:00,00:00,0.0,
31.01.2021,00:00,01:00,0.0,
31.01.2021,01:00,02:00,0.0,
31.01.2021,02:00,03:00,0.0,
31.01.2021,03:00,04:00,0.0,
31.01.2021,04:00,05:00,0.0,
31.01.2021,05:00,06:00,0.0,
31.01.2021,06:00,07:00,0.0,
31.01.2021,07:00,08:00,0.0,
31.01.2021,08:00,09:00,0.0,
31.01.2021,09:00,10:00,0.0,
31.01.2021,10:00,11:00,0.0,
31.01.2021,11:00,12:00,0.0,
31.01.2021,12:00,13:00,0.0,
31.01.2021,13:00,14:00,0.0,
31.01.2021,14:00,15:00,0.0,
31.01.2021,15:00,16:00,0.0,
31.01.2021,16:00,17:00,0.0,
31.01.2021,17:00,18:00,0.0,
31.01.2021,18:00,19:00,0.0,
31.01.2021,19:00,20:00,0.0,
31.01.2021,20:00,21:00,0.0,
31.01.2021,21:00,22:00,0.0,
31.01.2021,22:00,23:00,0.0,
31.01.2021,23:00,00:00,0.0,
01.02.2021,00:00,01:00,0.0,
01.02.2021,01:00,02:00,0.0,
01.02.2021,02:00,03:00,0.0,
01.02.2021,03:00,04:00,0.0,
01.02.2021,04:00,05:00,0.0,
01.02.2021,05:00,06:00,0.0,
01.02.2021,06:00,07:00,150.0,
01.02.2021,07:00,08:00,317.0,
01.02.2021,08:00,09:00,393.0,
01.02.2021,09:00,10:00,413.0,
01.02.2021,10:00,11:00,403.0,
01.02.2021,11:00,12:00,385.0,
01.02.2021,12:00,13:00,412.0,
01.02.2021,13:00,14:00,415.0,
01.02.2021,14:00,15:00,416.0,
01.02.2021,15:00,16:00,414.0,
01.02.2021,16:00,17:00,398.0,
01.02.2021,17:00,18:00,415.0,
01.02.2021,18:00,19:00,417.0,
01.02.2021,19:00,20:00,418.0,
01.02.2021,20:00,21:00,412.0,
01.02.2021,21:00,22:00,393.0,
01.02.2021,22:00,23:00,396.0,
01.02.2021,23:00,00:00,415.0,
02.02.2021,00:00,01:00,403.0,
02.02.2021,01:00,02:00,371.0,
02.02.2021,02:00,03:00,316.0,
02.02.2021,03:00,04:00,279.0,
02.02.2021,04:00,05:00,312.0,
02.02.2021,05:00,06:00,393.0,
02.02.2021,06:00,07:00,395.0,
02.02.2021,07:00,08:00,423.0,
02.02.2021,08:00,09:00,427.0,
02.02.2021,09:00,10:00,426.0,
02.02.2021,10:00,11:00,423.0,
02.02.2021,11:00,12:00,419.0,
02.02.2021,12:00,13:00,417.0,
02.02.2021,13:00,14:00,418.0,
02.02.2021,14:00,15:00,415.0,
02.02.2021,15:00,16:00,411.0,
02.02.2021,16:00,17:00,413.0,
02.02.2021,17:00,18:00,414.0,
02.02.2021,18:00,19:00,408.0,
02.02.2021,19:00,20:00,412.0,
02.02.2021,20:00,21:00,410.0,
02.02.2021,21:00,22:00,296.0,
02.02.2021,22:00,23:00,0.0,
02.02.2021,23:00,00:00,0.0,
03.02.2021,00:00,01:00,0.0,
03.02.2021,01:00,02:00,0.0,
03.02.2021,02:00,03:00,0.0,
03.02.2021,03:00,04:00,0.0,
03.02.2021,04:00,05:00,0.0,
03.02.2021,05:00,06:00,0.0,
03.02.2021,06:00,07:00,156.0,
03.02.2021,07:00,08:00,379.0,
03.02.2021,08:00,09:00,399.0,
03.02.2021,09:00,10:00,400.0,
03.02.2021,10:00,11:00,400.0,
03.02.2021,11:00,12:00,400.0,
03.02.2021,12:00,13:00,400.0,
03.02.2021,13:00,14:00,394.0,
03.02.2021,14:00,15:00,332.0,
03.02.2021,15:00,16:00,323.0,
03.02.2021,16:00,17:00,377.0,
03.02.2021,17:00,18:00,397.0,
03.02.2021,18:00,19:00,397.0,
03.02.2021,19:00,20:00,295.0,
03.02.2021,20:00,21:00,0.0,
03.02.2021,21:00,22:00,0.0,
03.02.2021,22:00,23:00,0.0,
03.02.2021,23:00,00:00,0.0,
04.02.2021,00:00,01:00,0.0,
04.02.2021,01:00,02:00,0.0,
04.02.2021,02:00,03:00,0.0,
04.02.2021,03:00,04:00,0.0,
04.02.2021,04:00,05:00,0.0,
04.02.2021,05:00,06:00,0.0,
04.02.2021,06:00,07:00,257.0,
04.02.2021,07:00,08:00,388.0,
04.02.2021,08:00,09:00,422.0,
04.02.2021,09:00,10:00,395.0,
04.02.2021,10:00,11:00,416.0,
04.02.2021,11:00,12:00,419.0,
04.02.2021,12:00,13:00,420.0,
04.02.2021,13:00,14:00,420.0,
04.02.2021,14:00,15:00,419.0,
04.02.2021,15:00,16:00,418.0,
04.02.2021,16:00,17:00,399.0,
04.02.2021,17:00,18:00,419.0,
04.02.2021,18:00,19:00,419.0,
04.02.2021,19:00,20:00,417.0,
04.02.2021,20:00,21:00,422.0,
04.02.2021,21:00,22:00,407.0,
04.02.2021,22:00,23:00,423.0,
04.02.2021,23:00,00:00,397.0,
05.02.2021,00:00,01:00,415.0,
05.02.2021,01:00,02:00,423.0,
05.02.2021,02:00,03:00,425.0,
05.02.2021,03:00,04:00,420.0,
05.02.2021,04:00,05:00,413.0,
05.02.2021,05:00,06:00,418.0,
05.02.2021,06:00,07:00,418.0,
05.02.2021,07:00,08:00,402.0,
05.02.2021,08:00,09:00,428.0,
05.02.2021,09:00,10:00,427.0,
05.02.2021,10:00,11:00,425.0,
05.02.2021,11:00,12:00,423.0,
05.02.2021,12:00,13:00,420.0,
05.02.2021,13:00,14:00,363.0,
05.02.2021,14:00,15:00,372.0,
05.02.2021,15:00,16:00,404.0,
05.02.2021,16:00,17:00,395.0,
05.02.2021,17:00,18:00,413.0,
05.02.2021,18:00,19:00,416.0,
05.02.2021,19:00,20:00,420.0,
05.02.2021,20:00,21:00,417.0,
05.02.2021,21:00,22:00,421.0,
05.02.2021,22:00,23:00,395.0,
05.02.2021,23:00,00:00,189.0,
06.02.2021,00:00,01:00,0.0,
06.02.2021,01:00,02:00,0.0,
06.02.2021,02:00,03:00,0.0,
06.02.2021,03:00,04:00,0.0,
06.02.2021,04:00,05:00,0.0,
06.02.2021,05:00,06:00,0.0,
06.02.2021,06:00,07:00,0.0,
06.02.2021,07:00,08:00,0.0,
06.02.2021,08:00,09:00,0.0,
06.02.2021,09:00,10:00,0.0,
06.02.2021,10:00,11:00,0.0,
06.02.2021,11:00,12:00,0.0,
06.02.2021,12:00,13:00,0.0,
06.02.2021,13:00,14:00,0.0,
06.02.2021,14:00,15:00,0.0,
06.02.2021,15:00,16:00,0.0,
06.02.2021,16:00,17:00,0.0,
06.02.2021,17:00,18:00,0.0,
06.02.2021,18:00,19:00,0.0,
06.02.2021,19:00,20:00,0.0,
06.02.2021,20:00,21:00,0.0,
06.02.2021,21:00,22:00,0.0,
06.02.2021,22:00,23:00,0.0,
06.02.2021,23:00,00:00,0.0,
07.02.2021,00:00,01:00,0.0,
07.02.2021,01:00,02:00,0.0,
07.02.2021,02:00,03:00,0.0,
07.02.2021,03:00,04:00,0.0,
07.02.2021,04:00,05:00,0.0,
07.02.2021,05:00,06:00,0.0,
07.02.2021,06:00,07:00,0.0,
07.02.2021,07:00,08:00,0.0,
07.02.2021,08:00,09:00,155.0,
07.02.2021,09:00,10:00,317.0,
07.02.2021,10:00,11:00,399.0,
07.02.2021,11:00,12:00,400.0,
07.02.2021,12:00,13:00,400.0,
07.02.2021,13:00,14:00,400.0,
07.02.2021,14:00,15:00,400.0,
07.02.2021,15:00,16:00,400.0,
07.02.2021,16:00,17:00,400.0,
07.02.2021,17:00,18:00,400.0,
07.02.2021,18:00,19:00,400.0,
07.02.2021,19:00,20:00,400.0,
07.02.2021,20:00,21:00,400.0,
07.02.2021,21:00,22:00,400.0,
07.02.2021,22:00,23:00,400.0,
07.02.2021,23:00,00:00,395.0,
08.02.2021,00:00,01:00,224.0,
08.02.2021,01:00,02:00,220.0,
08.02.2021,02:00,03:00,220.0,
08.02.2021,03:00,04:00,220.0,
08.02.2021,04:00,05:00,220.0,
08.02.2021,05:00,06:00,220.0,
08.02.2021,06:00,07:00,352.0,
08.02.2021,07:00,08:00,366.0,
08.02.2021,08:00,09:00,408.0,
08.02.2021,09:00,10:00,416.0,
08.02.2021,10:00,11:00,418.0,
08.02.2021,11:00,12:00,418.0,
08.02.2021,12:00,13:00,417.0,
08.02.2021,13:00,14:00,418.0,
08.02.2021,14:00,15:00,418.0,
08.02.2021,15:00,16:00,418.0,
08.02.2021,16:00,17:00,418.0,
08.02.2021,17:00,18:00,418.0,
08.02.2021,18:00,19:00,417.0,
08.02.2021,19:00,20:00,416.0,
08.02.2021,20:00,21:00,416.0,
08.02.2021,21:00,22:00,416.0,
08.02.2021,22:00,23:00,419.0,
08.02.2021,23:00,00:00,420.0,
09.02.2021,00:00,01:00,409.0,
09.02.2021,01:00,02:00,401.0,
09.02.2021,02:00,03:00,420.0,
09.02.2021,03:00,04:00,381.0,
09.02.2021,04:00,05:00,378.0,
09.02.2021,05:00,06:00,421.0,
09.02.2021,06:00,07:00,423.0,
09.02.2021,07:00,08:00,428.0,
09.02.2021,08:00,09:00,429.0,
09.02.2021,09:00,10:00,426.0,
09.02.2021,10:00,11:00,426.0,
09.02.2021,11:00,12:00,427.0,
09.02.2021,12:00,13:00,425.0,
09.02.2021,13:00,14:00,419.0,
09.02.2021,14:00,15:00,416.0,
09.02.2021,15:00,16:00,416.0,
09.02.2021,16:00,17:00,425.0,
09.02.2021,17:00,18:00,430.0,
09.02.2021,18:00,19:00,430.0,
09.02.2021,19:00,20:00,427.0,
09.02.2021,20:00,21:00,418.0,
09.02.2021,21:00,22:00,415.0,
09.02.2021,22:00,23:00,416.0,
09.02.2021,23:00,00:00,406.0,
10.02.2021,00:00,01:00,377.0,
10.02.2021,01:00,02:00,362.0,
10.02.2021,02:00,03:00,358.0,
10.02.2021,03:00,04:00,362.0,
10.02.2021,04:00,05:00,403.0,
10.02.2021,05:00,06:00,411.0,
10.02.2021,06:00,07:00,411.0,
10.02.2021,07:00,08:00,411.0,
10.02.2021,08:00,09:00,428.0,
10.02.2021,09:00,10:00,424.0,
10.02.2021,10:00,11:00,424.0,
10.02.2021,11:00,12:00,420.0,
10.02.2021,12:00,13:00,418.0,
10.02.2021,13:00,14:00,417.0,
10.02.2021,14:00,15:00,417.0,
10.02.2021,15:00,16:00,417.0,
10.02.2021,16:00,17:00,425.0,
10.02.2021,17:00,18:00,430.0,
10.02.2021,18:00,19:00,434.0,
10.02.2021,19:00,20:00,429.0,
10.02.2021,20:00,21:00,424.0,
10.02.2021,21:00,22:00,427.0,
10.02.2021,22:00,23:00,425.0,
10.02.2021,23:00,00:00,425.0,
11.02.2021,00:00,01:00,418.0,
11.02.2021,01:00,02:00,428.0,
11.02.2021,02:00,03:00,429.0,
11.02.2021,03:00,04:00,426.0,
11.02.2021,04:00,05:00,404.0,
11.02.2021,05:00,06:00,427.0,
11.02.2021,06:00,07:00,379.0,
11.02.2021,07:00,08:00,409.0,
11.02.2021,08:00,09:00,436.0,
11.02.2021,09:00,10:00,431.0,
11.02.2021,10:00,11:00,431.0,
11.02.2021,11:00,12:00,426.0,
11.02.2021,12:00,13:00,422.0,
11.02.2021,13:00,14:00,415.0,
11.02.2021,14:00,15:00,393.0,
11.02.2021,15:00,16:00,343.0,
11.02.2021,16:00,17:00,410.0,
11.02.2021,17:00,18:00,404.0,
11.02.2021,18:00,19:00,436.0,
11.02.2021,19:00,20:00,417.0,
11.02.2021,20:00,21:00,428.0,
11.02.2021,21:00,22:00,429.0,
11.02.2021,22:00,23:00,423.0,
11.02.2021,23:00,00:00,425.0,
12.02.2021,00:00,01:00,412.0,
12.02.2021,01:00,02:00,421.0,
12.02.2021,02:00,03:00,429.0,
12.02.2021,03:00,04:00,420.0,
12.02.2021,04:00,05:00,410.0,
12.02.2021,05:00,06:00,394.0,
12.02.2021,06:00,07:00,408.0,
12.02.2021,07:00,08:00,400.0,
12.02.2021,08:00,09:00,429.0,
12.02.2021,09:00,10:00,426.0,
12.02.2021,10:00,11:00,432.0,
12.02.2021,11:00,12:00,433.0,
12.02.2021,12:00,13:00,397.0,
12.02.2021,13:00,14:00,334.0,
12.02.2021,14:00,15:00,378.0,
12.02.2021,15:00,16:00,371.0,
12.02.2021,16:00,17:00,424.0,
12.02.2021,17:00,18:00,399.0,
12.02.2021,18:00,19:00,427.0,
12.02.2021,19:00,20:00,408.0,
12.02.2021,20:00,21:00,368.0,
12.02.2021,21:00,22:00,359.0,
12.02.2021,22:00,23:00,420.0,
12.02.2021,23:00,00:00,408.0,
13.02.2021,00:00,01:00,392.0,
13.02.2021,01:00,02:00,428.0,
13.02.2021,02:00,03:00,429.0,
13.02.2021,03:00,04:00,429.0,
13.02.2021,04:00,05:00,418.0,
13.02.2021,05:00,06:00,428.0,
13.02.2021,06:00,07:00,410.0,
13.02.2021,07:00,08:00,426.0,
13.02.2021,08:00,09:00,427.0,
13.02.2021,09:00,10:00,429.0,
13.02.2021,10:00,11:00,429.0,
13.02.2021,11:00,12:00,429.0,
13.02.2021,12:00,13:00,429.0,
13.02.2021,13:00,14:00,406.0,
13.02.2021,14:00,15:00,399.0,
13.02.2021,15:00,16:00,396.0,
13.02.2021,16:00,17:00,375.0,
13.02.2021,17:00,18:00,424.0,
13.02.2021,18:00,19:00,418.0,
13.02.2021,19:00,20:00,405.0,
13.02.2021,20:00,21:00,354.0,
13.02.2021,21:00,22:00,408.0,
13.02.2021,22:00,23:00,419.0,
13.02.2021,23:00,00:00,428.0,
14.02.2021,00:00,01:00,428.0,
14.02.2021,01:00,02:00,428.0,
14.02.2021,02:00,03:00,392.0,
14.02.2021,03:00,04:00,391.0,
14.02.2021,04:00,05:00,294.0,
14.02.2021,05:00,06:00,293.0,
14.02.2021,06:00,07:00,294.0,
14.02.2021,07:00,08:00,390.0,
14.02.2021,08:00,09:00,428.0,
14.02.2021,09:00,10:00,428.0,
14.02.2021,10:00,11:00,428.0,
14.02.2021,11:00,12:00,390.0,
14.02.2021,12:00,13:00,385.0,
14.02.2021,13:00,14:00,263.0,
14.02.2021,14:00,15:00,281.0,
14.02.2021,15:00,16:00,333.0,
14.02.2021,16:00,17:00,390.0,
14.02.2021,17:00,18:00,399.0,
14.02.2021,18:00,19:00,405.0,
14.02.2021,19:00,20:00,375.0,
14.02.2021,20:00,21:00,379.0,
14.02.2021,21:00,22:00,422.0,
14.02.2021,22:00,23:00,423.0,
14.02.2021,23:00,00:00,382.0,
15.02.2021,00:00,01:00,206.0,
15.02.2021,01:00,02:00,202.0,
15.02.2021,02:00,03:00,203.0,
15.02.2021,03:00,04:00,203.0,
15.02.2021,04:00,05:00,203.0,
15.02.2021,05:00,06:00,212.0,
15.02.2021,06:00,07:00,423.0,
15.02.2021,07:00,08:00,429.0,
15.02.2021,08:00,09:00,326.0,
15.02.2021,09:00,10:00,378.0,
15.02.2021,10:00,11:00,418.0,
15.02.2021,11:00,12:00,424.0,
15.02.2021,12:00,13:00,424.0,
15.02.2021,13:00,14:00,424.0,
15.02.2021,14:00,15:00,424.0,
15.02.2021,15:00,16:00,424.0,
15.02.2021,16:00,17:00,424.0,
15.02.2021,17:00,18:00,385.0,
15.02.2021,18:00,19:00,400.0,
15.02.2021,19:00,20:00,431.0,
15.02.2021,20:00,21:00,426.0,
15.02.2021,21:00,22:00,417.0,
15.02.2021,22:00,23:00,393.0,
15.02.2021,23:00,00:00,391.0,
16.02.2021,00:00,01:00,270.0,
16.02.2021,01:00,02:00,257.0,
16.02.2021,02:00,03:00,222.0,
16.02.2021,03:00,04:00,251.0,
16.02.2021,04:00,05:00,306.0,
16.02.2021,05:00,06:00,262.0,
16.02.2021,06:00,07:00,325.0,
16.02.2021,07:00,08:00,333.0,
16.02.2021,08:00,09:00,422.0,
16.02.2021,09:00,10:00,425.0,
16.02.2021,10:00,11:00,386.0,
16.02.2021,11:00,12:00,409.0,
16.02.2021,12:00,13:00,413.0,
16.02.2021,13:00,14:00,389.0,
16.02.2021,14:00,15:00,387.0,
16.02.2021,15:00,16:00,365.0,
16.02.2021,16:00,17:00,378.0,
16.02.2021,17:00,18:00,407.0,
16.02.2021,18:00,19:00,412.0,
16.02.2021,19:00,20:00,400.0,
16.02.2021,20:00,21:00,421.0,
16.02.2021,21:00,22:00,365.0,
16.02.2021,22:00,23:00,91.0,
16.02.2021,23:00,00:00,0.0,
17.02.2021,00:00,01:00,0.0,
17.02.2021,01:00,02:00,0.0,
17.02.2021,02:00,03:00,0.0,
17.02.2021,03:00,04:00,0.0,
17.02.2021,04:00,05:00,0.0,
17.02.2021,05:00,06:00,6.0,
17.02.2021,06:00,07:00,327.0,
17.02.2021,07:00,08:00,386.0,
17.02.2021,08:00,09:00,401.0,
17.02.2021,09:00,10:00,408.0,
17.02.2021,10:00,11:00,278.0,
17.02.2021,11:00,12:00,348.0,
17.02.2021,12:00,13:00,272.0,
17.02.2021,13:00,14:00,297.0,
17.02.2021,14:00,15:00,317.0,
17.02.2021,15:00,16:00,290.0,
17.02.2021,16:00,17:00,338.0,
17.02.2021,17:00,18:00,413.0,
17.02.2021,18:00,19:00,419.0,
17.02.2021,19:00,20:00,358.0,
17.02.2021,20:00,21:00,369.0,
17.02.2021,21:00,22:00,362.0,
17.02.2021,22:00,23:00,370.0,
17.02.2021,23:00,00:00,401.0,
18.02.2021,00:00,01:00,279.0,
18.02.2021,01:00,02:00,313.0,
18.02.2021,02:00,03:00,295.0,
18.02.2021,03:00,04:00,263.0,
18.02.2021,04:00,05:00,277.0,
18.02.2021,05:00,06:00,289.0,
18.02.2021,06:00,07:00,306.0,
18.02.2021,07:00,08:00,332.0,
18.02.2021,08:00,09:00,403.0,
18.02.2021,09:00,10:00,363.0,
18.02.2021,10:00,11:00,338.0,
18.02.2021,11:00,12:00,384.0,
18.02.2021,12:00,13:00,248.0,
18.02.2021,13:00,14:00,248.0,
18.02.2021,14:00,15:00,323.0,
18.02.2021,15:00,16:00,367.0,
18.02.2021,16:00,17:00,396.0,
18.02.2021,17:00,18:00,408.0,
18.02.2021,18:00,19:00,416.0,
18.02.2021,19:00,20:00,417.0,
18.02.2021,20:00,21:00,356.0,
18.02.2021,21:00,22:00,213.0,
18.02.2021,22:00,23:00,211.0,
18.02.2021,23:00,00:00,211.0,
19.02.2021,00:00,01:00,210.0,
19.02.2021,01:00,02:00,210.0,
19.02.2021,02:00,03:00,209.0,
19.02.2021,03:00,04:00,211.0,
19.02.2021,04:00,05:00,211.0,
19.02.2021,05:00,06:00,213.0,
19.02.2021,06:00,07:00,331.0,
19.02.2021,07:00,08:00,393.0,
19.02.2021,08:00,09:00,385.0,
19.02.2021,09:00,10:00,359.0,
19.02.2021,10:00,11:00,382.0,
19.02.2021,11:00,12:00,392.0,
19.02.2021,12:00,13:00,274.0,
19.02.2021,13:00,14:00,234.0,
19.02.2021,14:00,15:00,273.0,
19.02.2021,15:00,16:00,313.0,
19.02.2021,16:00,17:00,395.0,
19.02.2021,17:00,18:00,387.0,
19.02.2021,18:00,19:00,415.0,
19.02.2021,19:00,20:00,348.0,
19.02.2021,20:00,21:00,365.0,
19.02.2021,21:00,22:00,392.0,
19.02.2021,22:00,23:00,408.0,
19.02.2021,23:00,00:00,340.0,
20.02.2021,00:00,01:00,14.0,
20.02.2021,01:00,02:00,0.0,
20.02.2021,02:00,03:00,0.0,
20.02.2021,03:00,04:00,0.0,
20.02.2021,04:00,05:00,0.0,
20.02.2021,05:00,06:00,0.0,
20.02.2021,06:00,07:00,0.0,
20.02.2021,07:00,08:00,0.0,
20.02.2021,08:00,09:00,0.0,
20.02.2021,09:00,10:00,0.0,
20.02.2021,10:00,11:00,0.0,
20.02.2021,11:00,12:00,0.0,
20.02.2021,12:00,13:00,0.0,
20.02.2021,13:00,14:00,0.0,
20.02.2021,14:00,15:00,0.0,
20.02.2021,15:00,16:00,0.0,
20.02.2021,16:00,17:00,30.0,
20.02.2021,17:00,18:00,234.0,
20.02.2021,18:00,19:00,314.0,
20.02.2021,19:00,20:00,404.0,
20.02.2021,20:00,21:00,295.0,
20.02.2021,21:00,22:00,293.0,
20.02.2021,22:00,23:00,301.0,
20.02.2021,23:00,00:00,410.0,
21.02.2021,00:00,01:00,89.0,
21.02.2021,01:00,02:00,0.0,
21.02.2021,02:00,03:00,0.0,
21.02.2021,03:00,04:00,0.0,
21.02.2021,04:00,05:00,0.0,
21.02.2021,05:00,06:00,0.0,
21.02.2021,06:00,07:00,0.0,
21.02.2021,07:00,08:00,0.0,
21.02.2021,08:00,09:00,0.0,
21.02.2021,09:00,10:00,0.0,
21.02.2021,10:00,11:00,0.0,
21.02.2021,11:00,12:00,0.0,
21.02.2021,12:00,13:00,0.0,
21.02.2021,13:00,14:00,0.0,
21.02.2021,14:00,15:00,0.0,
21.02.2021,15:00,16:00,0.0,
21.02.2021,16:00,17:00,0.0,
21.02.2021,17:00,18:00,0.0,
21.02.2021,18:00,19:00,0.0,
21.02.2021,19:00,20:00,0.0,
21.02.2021,20:00,21:00,0.0,
21.02.2021,21:00,22:00,0.0,
21.02.2021,22:00,23:00,0.0,
21.02.2021,23:00,00:00,0.0,
22.02.2021,00:00,01:00,0.0,
22.02.2021,01:00,02:00,0.0,
22.02.2021,02:00,03:00,0.0,
22.02.2021,03:00,04:00,0.0,
22.02.2021,04:00,05:00,0.0,
22.02.2021,05:00,06:00,0.0,
22.02.2021,06:00,07:00,151.0,
22.02.2021,07:00,08:00,319.0,
22.02.2021,08:00,09:00,420.0,
22.02.2021,09:00,10:00,380.0,
22.02.2021,10:00,11:00,423.0,
22.02.2021,11:00,12:00,423.0,
22.02.2021,12:00,13:00,423.0,
22.02.2021,13:00,14:00,421.0,
22.02.2021,14:00,15:00,409.0,
22.02.2021,15:00,16:00,420.0,
22.02.2021,16:00,17:00,338.0,
22.02.2021,17:00,18:00,358.0,
22.02.2021,18:00,19:00,387.0,
22.02.2021,19:00,20:00,331.0,
22.02.2021,20:00,21:00,316.0,
22.02.2021,21:00,22:00,318.0,
22.02.2021,22:00,23:00,341.0,
22.02.2021,23:00,00:00,290.0,
23.02.2021,00:00,01:00,339.0,
23.02.2021,01:00,02:00,340.0,
23.02.2021,02:00,03:00,333.0,
23.02.2021,03:00,04:00,306.0,
23.02.2021,04:00,05:00,260.0,
23.02.2021,05:00,06:00,366.0,
23.02.2021,06:00,07:00,423.0,
23.02.2021,07:00,08:00,405.0,
23.02.2021,08:00,09:00,310.0,
23.02.2021,09:00,10:00,329.0,
23.02.2021,10:00,11:00,302.0,
23.02.2021,11:00,12:00,303.0,
23.02.2021,12:00,13:00,236.0,
23.02.2021,13:00,14:00,249.0,
23.02.2021,14:00,15:00,224.0,
23.02.2021,15:00,16:00,269.0,
23.02.2021,16:00,17:00,365.0,
23.02.2021,17:00,18:00,350.0,
23.02.2021,18:00,19:00,416.0,
23.02.2021,19:00,20:00,413.0,
23.02.2021,20:00,21:00,296.0,
23.02.2021,21:00,22:00,244.0,
23.02.2021,22:00,23:00,265.0,
23.02.2021,23:00,00:00,288.0,
24.02.2021,00:00,01:00,241.0,
24.02.2021,01:00,02:00,0.0,
24.02.2021,02:00,03:00,0.0,
24.02.2021,03:00,04:00,0.0,
24.02.2021,04:00,05:00,0.0,
24.02.2021,05:00,06:00,0.0,
24.02.2021,06:00,07:00,0.0,
24.02.2021,07:00,08:00,0.0,
24.02.2021,08:00,09:00,0.0,
24.02.2021,09:00,10:00,0.0,
24.02.2021,10:00,11:00,0.0,
24.02.2021,11:00,12:00,0.0,
24.02.2021,12:00,13:00,0.0,
24.02.2021,13:00,14:00,0.0,
24.02.2021,14:00,15:00,0.0,
24.02.2021,15:00,16:00,0.0,
24.02.2021,16:00,17:00,0.0,
24.02.2021,17:00,18:00,0.0,
24.02.2021,18:00,19:00,0.0,
24.02.2021,19:00,20:00,0.0,
24.02.2021,20:00,21:00,0.0,
24.02.2021,21:00,22:00,0.0,
24.02.2021,22:00,23:00,0.0,
24.02.2021,23:00,00:00,0.0,
25.02.2021,00:00,01:00,0.0,
25.02.2021,01:00,02:00,0.0,
25.02.2021,02:00,03:00,0.0,
25.02.2021,03:00,04:00,0.0,
25.02.2021,04:00,05:00,0.0,
25.02.2021,05:00,06:00,0.0,
25.02.2021,06:00,07:00,147.0,
25.02.2021,07:00,08:00,319.0,
25.02.2021,08:00,09:00,423.0,
25.02.2021,09:00,10:00,426.0,
25.02.2021,10:00,11:00,346.0,
25.02.2021,11:00,12:00,363.0,
25.02.2021,12:00,13:00,413.0,
25.02.2021,13:00,14:00,295.0,
25.02.2021,14:00,15:00,346.0,
25.02.2021,15:00,16:00,333.0,
25.02.2021,16:00,17:00,374.0,
25.02.2021,17:00,18:00,358.0,
25.02.2021,18:00,19:00,414.0,
25.02.2021,19:00,20:00,357.0,
25.02.2021,20:00,21:00,294.0,
25.02.2021,21:00,22:00,379.0,
25.02.2021,22:00,23:00,353.0,
25.02.2021,23:00,00:00,375.0,
26.02.2021,00:00,01:00,320.0,
26.02.2021,01:00,02:00,386.0,
26.02.2021,02:00,03:00,309.0,
26.02.2021,03:00,04:00,366.0,
26.02.2021,04:00,05:00,352.0,
26.02.2021,05:00,06:00,364.0,
26.02.2021,06:00,07:00,385.0,
26.02.2021,07:00,08:00,391.0,
26.02.2021,08:00,09:00,401.0,
26.02.2021,09:00,10:00,398.0,
26.02.2021,10:00,11:00,307.0,
26.02.2021,11:00,12:00,347.0,
26.02.2021,12:00,13:00,399.0,
26.02.2021,13:00,14:00,410.0,
26.02.2021,14:00,15:00,411.0,
26.02.2021,15:00,16:00,358.0,
26.02.2021,16:00,17:00,380.0,
26.02.2021,17:00,18:00,391.0,
26.02.2021,18:00,19:00,406.0,
26.02.2021,19:00,20:00,408.0,
26.02.2021,20:00,21:00,418.0,
26.02.2021,21:00,22:00,416.0,
26.02.2021,22:00,23:00,432.0,
26.02.2021,23:00,00:00,411.0,
27.02.2021,00:00,01:00,397.0,
27.02.2021,01:00,02:00,362.0,
27.02.2021,02:00,03:00,342.0,
27.02.2021,03:00,04:00,325.0,
27.02.2021,04:00,05:00,381.0,
27.02.2021,05:00,06:00,360.0,
27.02.2021,06:00,07:00,403.0,
27.02.2021,07:00,08:00,397.0,
27.02.2021,08:00,09:00,337.0,
27.02.2021,09:00,10:00,342.0,
27.02.2021,10:00,11:00,303.0,
27.02.2021,11:00,12:00,322.0,
27.02.2021,12:00,13:00,223.0,
27.02.2021,13:00,14:00,215.0,
27.02.2021,14:00,15:00,217.0,
27.02.2021,15:00,16:00,216.0,
27.02.2021,16:00,17:00,333.0,
27.02.2021,17:00,18:00,342.0,
27.02.2021,18:00,19:00,386.0,
27.02.2021,19:00,20:00,373.0,
27.02.2021,20:00,21:00,312.0,
27.02.2021,21:00,22:00,294.0,
27.02.2021,22:00,23:00,341.0,
27.02.2021,23:00,00:00,409.0,
28.02.2021,00:00,01:00,431.0,
28.02.2021,01:00,02:00,401.0,
28.02.2021,02:00,03:00,304.0,
28.02.2021,03:00,04:00,0.0,
28.02.2021,04:00,05:00,0.0,
28.02.2021,05:00,06:00,0.0,
28.02.2021,06:00,07:00,0.0,
28.02.2021,07:00,08:00,0.0,
28.02.2021,08:00,09:00,0.0,
28.02.2021,09:00,10:00,0.0,
28.02.2021,10:00,11:00,0.0,
28.02.2021,11:00,12:00,0.0,
28.02.2021,12:00,13:00,0.0,
28.02.2021,13:00,14:00,0.0,
28.02.2021,14:00,15:00,0.0,
28.02.2021,15:00,16:00,0.0,
28.02.2021,16:00,17:00,244.0,
28.02.2021,17:00,18:00,417.0,
28.02.2021,18:00,19:00,425.0,
28.02.2021,19:00,20:00,393.0,
28.02.2021,20:00,21:00,420.0,
28.02.2021,21:00,22:00,399.0,
28.02.2021,22:00,23:00,423.0,
28.02.2021,23:00,00:00,434.0,
01.03.2021,00:00,01:00,413.0,
01.03.2021,01:00,02:00,427.0,
01.03.2021,02:00,03:00,432.0,
01.03.2021,03:00,04:00,432.0,
01.03.2021,04:00,05:00,428.0,
01.03.2021,05:00,06:00,423.0,
01.03.2021,06:00,07:00,423.0,
01.03.2021,07:00,08:00,431.0,
01.03.2021,08:00,09:00,403.0,
01.03.2021,09:00,10:00,424.0,
01.03.2021,10:00,11:00,421.0,
01.03.2021,11:00,12:00,406.0,
01.03.2021,12:00,13:00,380.0,
01.03.2021,13:00,14:00,372.0,
01.03.2021,14:00,15:00,370.0,
01.03.2021,15:00,16:00,354.0,
01.03.2021,16:00,17:00,351.0,
01.03.2021,17:00,18:00,383.0,
01.03.2021,18:00,19:00,402.0,
01.03.2021,19:00,20:00,407.0,
01.03.2021,20:00,21:00,387.0,
01.03.2021,21:00,22:00,407.0,
01.03.2021,22:00,23:00,377.0,
01.03.2021,23:00,00:00,389.0,
02.03.2021,00:00,01:00,381.0,
02.03.2021,01:00,02:00,393.0,
02.03.2021,02:00,03:00,426.0,
02.03.2021,03:00,04:00,426.0,
02.03.2021,04:00,05:00,412.0,
02.03.2021,05:00,06:00,422.0,
02.03.2021,06:00,07:00,407.0,
02.03.2021,07:00,08:00,440.0,
02.03.2021,08:00,09:00,403.0,
02.03.2021,09:00,10:00,412.0,
02.03.2021,10:00,11:00,434.0,
02.03.2021,11:00,12:00,426.0,
02.03.2021,12:00,13:00,387.0,
02.03.2021,13:00,14:00,387.0,
02.03.2021,14:00,15:00,360.0,
02.03.2021,15:00,16:00,294.0,
02.03.2021,16:00,17:00,331.0,
02.03.2021,17:00,18:00,374.0,
02.03.2021,18:00,19:00,416.0,
02.03.2021,19:00,20:00,428.0,
02.03.2021,20:00,21:00,420.0,
02.03.2021,21:00,22:00,411.0,
02.03.2021,22:00,23:00,430.0,
02.03.2021,23:00,00:00,421.0,
03.03.2021,00:00,01:00,434.0,
03.03.2021,01:00,02:00,435.0,
03.03.2021,02:00,03:00,436.0,
03.03.2021,03:00,04:00,436.0,
03.03.2021,04:00,05:00,413.0,
03.03.2021,05:00,06:00,428.0,
03.03.2021,06:00,07:00,422.0,
03.03.2021,07:00,08:00,441.0,
03.03.2021,08:00,09:00,439.0,
03.03.2021,09:00,10:00,424.0,
03.03.2021,10:00,11:00,328.0,
03.03.2021,11:00,12:00,378.0,
03.03.2021,12:00,13:00,426.0,
03.03.2021,13:00,14:00,417.0,
03.03.2021,14:00,15:00,402.0,
03.03.2021,15:00,16:00,410.0,
03.03.2021,16:00,17:00,418.0,
03.03.2021,17:00,18:00,422.0,
03.03.2021,18:00,19:00,429.0,
03.03.2021,19:00,20:00,431.0,
03.03.2021,20:00,21:00,397.0,
03.03.2021,21:00,22:00,380.0,
03.03.2021,22:00,23:00,417.0,
03.03.2021,23:00,00:00,372.0,
04.03.2021,00:00,01:00,415.0,
04.03.2021,01:00,02:00,428.0,
04.03.2021,02:00,03:00,428.0,
04.03.2021,03:00,04:00,417.0,
04.03.2021,04:00,05:00,413.0,
04.03.2021,05:00,06:00,426.0,
04.03.2021,06:00,07:00,424.0,
04.03.2021,07:00,08:00,424.0,
04.03.2021,08:00,09:00,424.0,
04.03.2021,09:00,10:00,423.0,
04.03.2021,10:00,11:00,415.0,
04.03.2021,11:00,12:00,422.0,
04.03.2021,12:00,13:00,421.0,
04.03.2021,13:00,14:00,418.0,
04.03.2021,14:00,15:00,409.0,
04.03.2021,15:00,16:00,420.0,
04.03.2021,16:00,17:00,418.0,
04.03.2021,17:00,18:00,419.0,
04.03.2021,18:00,19:00,423.0,
04.03.2021,19:00,20:00,415.0,
04.03.2021,20:00,21:00,418.0,
04.03.2021,21:00,22:00,422.0,
04.03.2021,22:00,23:00,421.0,
04.03.2021,23:00,00:00,385.0,
05.03.2021,00:00,01:00,419.0,
05.03.2021,01:00,02:00,404.0,
05.03.2021,02:00,03:00,372.0,
05.03.2021,03:00,04:00,388.0,
05.03.2021,04:00,05:00,426.0,
05.03.2021,05:00,06:00,428.0,
05.03.2021,06:00,07:00,435.0,
05.03.2021,07:00,08:00,438.0,
05.03.2021,08:00,09:00,432.0,
05.03.2021,09:00,10:00,406.0,
05.03.2021,10:00,11:00,416.0,
05.03.2021,11:00,12:00,425.0,
05.03.2021,12:00,13:00,416.0,
05.03.2021,13:00,14:00,420.0,
05.03.2021,14:00,15:00,411.0,
05.03.2021,15:00,16:00,402.0,
05.03.2021,16:00,17:00,368.0,
05.03.2021,17:00,18:00,387.0,
05.03.2021,18:00,19:00,435.0,
05.03.2021,19:00,20:00,422.0,
05.03.2021,20:00,21:00,425.0,
05.03.2021,21:00,22:00,424.0,
05.03.2021,22:00,23:00,393.0,
05.03.2021,23:00,00:00,423.0,
06.03.2021,00:00,01:00,429.0,
06.03.2021,01:00,02:00,418.0,
06.03.2021,02:00,03:00,300.0,
06.03.2021,03:00,04:00,0.0,
06.03.2021,04:00,05:00,0.0,
06.03.2021,05:00,06:00,0.0,
06.03.2021,06:00,07:00,0.0,
06.03.2021,07:00,08:00,0.0,
06.03.2021,08:00,09:00,0.0,
06.03.2021,09:00,10:00,0.0,
06.03.2021,10:00,11:00,0.0,
06.03.2021,11:00,12:00,0.0,
06.03.2021,12:00,13:00,0.0,
06.03.2021,13:00,14:00,0.0,
06.03.2021,14:00,15:00,0.0,
06.03.2021,15:00,16:00,0.0,
06.03.2021,16:00,17:00,0.0,
06.03.2021,17:00,18:00,0.0,
06.03.2021,18:00,19:00,0.0,
06.03.2021,19:00,20:00,0.0,
06.03.2021,20:00,21:00,0.0,
06.03.2021,21:00,22:00,0.0,
06.03.2021,22:00,23:00,0.0,
06.03.2021,23:00,00:00,0.0,
07.03.2021,00:00,01:00,0.0,
07.03.2021,01:00,02:00,0.0,
07.03.2021,02:00,03:00,0.0,
07.03.2021,03:00,04:00,0.0,
07.03.2021,04:00,05:00,0.0,
07.03.2021,05:00,06:00,0.0,
07.03.2021,06:00,07:00,0.0,
07.03.2021,07:00,08:00,0.0,
07.03.2021,08:00,09:00,0.0,
07.03.2021,09:00,10:00,0.0,
07.03.2021,10:00,11:00,0.0,
07.03.2021,11:00,12:00,0.0,
07.03.2021,12:00,13:00,0.0,
07.03.2021,13:00,14:00,0.0,
07.03.2021,14:00,15:00,0.0,
07.03.2021,15:00,16:00,149.0,
07.03.2021,16:00,17:00,319.0,
07.03.2021,17:00,18:00,404.0,
07.03.2021,18:00,19:00,425.0,
07.03.2021,19:00,20:00,427.0,
07.03.2021,20:00,21:00,419.0,
07.03.2021,21:00,22:00,427.0,
07.03.2021,22:00,23:00,424.0,
07.03.2021,23:00,00:00,424.0,
08.03.2021,00:00,01:00,337.0,
08.03.2021,01:00,02:00,336.0,
08.03.2021,02:00,03:00,336.0,
08.03.2021,03:00,04:00,336.0,
08.03.2021,04:00,05:00,377.0,
08.03.2021,05:00,06:00,412.0,
08.03.2021,06:00,07:00,393.0,
08.03.2021,07:00,08:00,420.0,
08.03.2021,08:00,09:00,424.0,
08.03.2021,09:00,10:00,422.0,
08.03.2021,10:00,11:00,419.0,
08.03.2021,11:00,12:00,411.0,
08.03.2021,12:00,13:00,401.0,
08.03.2021,13:00,14:00,426.0,
08.03.2021,14:00,15:00,415.0,
08.03.2021,15:00,16:00,428.0,
08.03.2021,16:00,17:00,421.0,
08.03.2021,17:00,18:00,412.0,
08.03.2021,18:00,19:00,425.0,
08.03.2021,19:00,20:00,431.0,
08.03.2021,20:00,21:00,415.0,
08.03.2021,21:00,22:00,421.0,
08.03.2021,22:00,23:00,423.0,
08.03.2021,23:00,00:00,414.0,
09.03.2021,00:00,01:00,423.0,
09.03.2021,01:00,02:00,423.0,
09.03.2021,02:00,03:00,425.0,
09.03.2021,03:00,04:00,424.0,
09.03.2021,04:00,05:00,423.0,
09.03.2021,05:00,06:00,423.0,
09.03.2021,06:00,07:00,407.0,
09.03.2021,07:00,08:00,434.0,
09.03.2021,08:00,09:00,428.0,
09.03.2021,09:00,10:00,432.0,
09.03.2021,10:00,11:00,439.0,
09.03.2021,11:00,12:00,438.0,
09.03.2021,12:00,13:00,436.0,
09.03.2021,13:00,14:00,434.0,
09.03.2021,14:00,15:00,426.0,
09.03.2021,15:00,16:00,434.0,
09.03.2021,16:00,17:00,435.0,
09.03.2021,17:00,18:00,423.0,
09.03.2021,18:00,19:00,433.0,
09.03.2021,19:00,20:00,438.0,
09.03.2021,20:00,21:00,433.0,
09.03.2021,21:00,22:00,409.0,
09.03.2021,22:00,23:00,419.0,
09.03.2021,23:00,00:00,425.0,
10.03.2021,00:00,01:00,427.0,
10.03.2021,01:00,02:00,429.0,
10.03.2021,02:00,03:00,430.0,
10.03.2021,03:00,04:00,429.0,
10.03.2021,04:00,05:00,427.0,
10.03.2021,05:00,06:00,425.0,
10.03.2021,06:00,07:00,422.0,
10.03.2021,07:00,08:00,440.0,
10.03.2021,08:00,09:00,435.0,
10.03.2021,09:00,10:00,425.0,
10.03.2021,10:00,11:00,417.0,
10.03.2021,11:00,12:00,404.0,
10.03.2021,12:00,13:00,412.0,
10.03.2021,13:00,14:00,366.0,
10.03.2021,14:00,15:00,274.0,
10.03.2021,15:00,16:00,351.0,
10.03.2021,16:00,17:00,400.0,
10.03.2021,17:00,18:00,422.0,
10.03.2021,18:00,19:00,423.0,
10.03.2021,19:00,20:00,373.0,
10.03.2021,20:00,21:00,298.0,
10.03.2021,21:00,22:00,0.0,
10.03.2021,22:00,23:00,0.0,
10.03.2021,23:00,00:00,0.0,
11.03.2021,00:00,01:00,0.0,
11.03.2021,01:00,02:00,0.0,
11.03.2021,02:00,03:00,0.0,
11.03.2021,03:00,04:00,0.0,
11.03.2021,04:00,05:00,0.0,
11.03.2021,05:00,06:00,0.0,
11.03.2021,06:00,07:00,0.0,
11.03.2021,07:00,08:00,0.0,
11.03.2021,08:00,09:00,0.0,
11.03.2021,09:00,10:00,0.0,
11.03.2021,10:00,11:00,0.0,
11.03.2021,11:00,12:00,0.0,
11.03.2021,12:00,13:00,0.0,
11.03.2021,13:00,14:00,0.0,
11.03.2021,14:00,15:00,0.0,
11.03.2021,15:00,16:00,0.0,
11.03.2021,16:00,17:00,0.0,
11.03.2021,17:00,18:00,0.0,
11.03.2021,18:00,19:00,0.0,
11.03.2021,19:00,20:00,0.0,
11.03.2021,20:00,21:00,0.0,
11.03.2021,21:00,22:00,0.0,
11.03.2021,22:00,23:00,0.0,
11.03.2021,23:00,00:00,0.0,
12.03.2021,00:00,01:00,0.0,
12.03.2021,01:00,02:00,0.0,
12.03.2021,02:00,03:00,0.0,
12.03.2021,03:00,04:00,0.0,
12.03.2021,04:00,05:00,0.0,
12.03.2021,05:00,06:00,0.0,
12.03.2021,06:00,07:00,0.0,
12.03.2021,07:00,08:00,0.0,
12.03.2021,08:00,09:00,0.0,
12.03.2021,09:00,10:00,0.0,
12.03.2021,10:00,11:00,0.0,
12.03.2021,11:00,12:00,0.0,
12.03.2021,12:00,13:00,0.0,
12.03.2021,13:00,14:00,0.0,
12.03.2021,14:00,15:00,0.0,
12.03.2021,15:00,16:00,0.0,
12.03.2021,16:00,17:00,0.0,
12.03.2021,17:00,18:00,0.0,
12.03.2021,18:00,19:00,0.0,
12.03.2021,19:00,20:00,0.0,
12.03.2021,20:00,21:00,0.0,
12.03.2021,21:00,22:00,0.0,
12.03.2021,22:00,23:00,0.0,
12.03.2021,23:00,00:00,0.0,
13.03.2021,00:00,01:00,0.0,
13.03.2021,01:00,02:00,0.0,
13.03.2021,02:00,03:00,0.0,
13.03.2021,03:00,04:00,0.0,
13.03.2021,04:00,05:00,0.0,
13.03.2021,05:00,06:00,0.0,
13.03.2021,06:00,07:00,0.0,
13.03.2021,07:00,08:00,0.0,
13.03.2021,08:00,09:00,0.0,
13.03.2021,09:00,10:00,0.0,
13.03.2021,10:00,11:00,0.0,
13.03.2021,11:00,12:00,0.0,
13.03.2021,12:00,13:00,0.0,
13.03.2021,13:00,14:00,0.0,
13.03.2021,14:00,15:00,0.0,
13.03.2021,15:00,16:00,0.0,
13.03.2021,16:00,17:00,0.0,
13.03.2021,17:00,18:00,0.0,
13.03.2021,18:00,19:00,0.0,
13.03.2021,19:00,20:00,0.0,
13.03.2021,20:00,21:00,0.0,
13.03.2021,21:00,22:00,0.0,
13.03.2021,22:00,23:00,0.0,
13.03.2021,23:00,00:00,0.0,
14.03.2021,00:00,01:00,0.0,
14.03.2021,01:00,02:00,0.0,
14.03.2021,02:00,03:00,0.0,
14.03.2021,03:00,04:00,0.0,
14.03.2021,04:00,05:00,0.0,
14.03.2021,05:00,06:00,0.0,
14.03.2021,06:00,07:00,0.0,
14.03.2021,07:00,08:00,0.0,
14.03.2021,08:00,09:00,0.0,
14.03.2021,09:00,10:00,0.0,
14.03.2021,10:00,11:00,0.0,
14.03.2021,11:00,12:00,0.0,
14.03.2021,12:00,13:00,0.0,
14.03.2021,13:00,14:00,0.0,
14.03.2021,14:00,15:00,0.0,
14.03.2021,15:00,16:00,0.0,
14.03.2021,16:00,17:00,0.0,
14.03.2021,17:00,18:00,0.0,
14.03.2021,18:00,19:00,0.0,
14.03.2021,19:00,20:00,0.0,
14.03.2021,20:00,21:00,0.0,
14.03.2021,21:00,22:00,0.0,
14.03.2021,22:00,23:00,0.0,
14.03.2021,23:00,00:00,0.0,
15.03.2021,00:00,01:00,0.0,
15.03.2021,01:00,02:00,0.0,
15.03.2021,02:00,03:00,0.0,
15.03.2021,03:00,04:00,0.0,
15.03.2021,04:00,05:00,0.0,
15.03.2021,05:00,06:00,0.0,
15.03.2021,06:00,07:00,0.0,
15.03.2021,07:00,08:00,0.0,
15.03.2021,08:00,09:00,0.0,
15.03.2021,09:00,10:00,0.0,
15.03.2021,10:00,11:00,0.0,
15.03.2021,11:00,12:00,0.0,
15.03.2021,12:00,13:00,0.0,
15.03.2021,13:00,14:00,0.0,
15.03.2021,14:00,15:00,0.0,
15.03.2021,15:00,16:00,0.0,
15.03.2021,16:00,17:00,0.0,
15.03.2021,17:00,18:00,0.0,
15.03.2021,18:00,19:00,0.0,
15.03.2021,19:00,20:00,0.0,
15.03.2021,20:00,21:00,0.0,
15.03.2021,21:00,22:00,0.0,
15.03.2021,22:00,23:00,0.0,
15.03.2021,23:00,00:00,0.0,
16.03.2021,00:00,01:00,0.0,
16.03.2021,01:00,02:00,0.0,
16.03.2021,02:00,03:00,0.0,
16.03.2021,03:00,04:00,0.0,
16.03.2021,04:00,05:00,0.0,
16.03.2021,05:00,06:00,0.0,
16.03.2021,06:00,07:00,108.0,
16.03.2021,07:00,08:00,242.0,
16.03.2021,08:00,09:00,351.0,
16.03.2021,09:00,10:00,408.0,
16.03.2021,10:00,11:00,422.0,
16.03.2021,11:00,12:00,426.0,
16.03.2021,12:00,13:00,426.0,
16.03.2021,13:00,14:00,426.0,
16.03.2021,14:00,15:00,425.0,
16.03.2021,15:00,16:00,407.0,
16.03.2021,16:00,17:00,389.0,
16.03.2021,17:00,18:00,369.0,
16.03.2021,18:00,19:00,419.0,
16.03.2021,19:00,20:00,407.0,
16.03.2021,20:00,21:00,398.0,
16.03.2021,21:00,22:00,374.0,
16.03.2021,22:00,23:00,343.0,
16.03.2021,23:00,00:00,410.0,
17.03.2021,00:00,01:00,401.0,
17.03.2021,01:00,02:00,382.0,
17.03.2021,02:00,03:00,302.0,
17.03.2021,03:00,04:00,316.0,
17.03.2021,04:00,05:00,381.0,
17.03.2021,05:00,06:00,424.0,
17.03.2021,06:00,07:00,421.0,
17.03.2021,07:00,08:00,426.0,
17.03.2021,08:00,09:00,425.0,
17.03.2021,09:00,10:00,418.0,
17.03.2021,10:00,11:00,422.0,
17.03.2021,11:00,12:00,428.0,
17.03.2021,12:00,13:00,427.0,
17.03.2021,13:00,14:00,426.0,
17.03.2021,14:00,15:00,408.0,
17.03.2021,15:00,16:00,390.0,
17.03.2021,16:00,17:00,375.0,
17.03.2021,17:00,18:00,412.0,
17.03.2021,18:00,19:00,414.0,
17.03.2021,19:00,20:00,442.0,
17.03.2021,20:00,21:00,443.0,
17.03.2021,21:00,22:00,434.0,
17.03.2021,22:00,23:00,422.0,
17.03.2021,23:00,00:00,425.0,
18.03.2021,00:00,01:00,423.0,
18.03.2021,01:00,02:00,427.0,
18.03.2021,02:00,03:00,428.0,
18.03.2021,03:00,04:00,428.0,
18.03.2021,04:00,05:00,426.0,
18.03.2021,05:00,06:00,416.0,
18.03.2021,06:00,07:00,409.0,
18.03.2021,07:00,08:00,432.0,
18.03.2021,08:00,09:00,395.0,
18.03.2021,09:00,10:00,362.0,
18.03.2021,10:00,11:00,399.0,
18.03.2021,11:00,12:00,432.0,
18.03.2021,12:00,13:00,430.0,
18.03.2021,13:00,14:00,372.0,
18.03.2021,14:00,15:00,361.0,
18.03.2021,15:00,16:00,364.0,
18.03.2021,16:00,17:00,415.0,
18.03.2021,17:00,18:00,419.0,
18.03.2021,18:00,19:00,437.0,
18.03.2021,19:00,20:00,437.0,
18.03.2021,20:00,21:00,429.0,
18.03.2021,21:00,22:00,421.0,
18.03.2021,22:00,23:00,419.0,
18.03.2021,23:00,00:00,401.0,
19.03.2021,00:00,01:00,420.0,
19.03.2021,01:00,02:00,416.0,
19.03.2021,02:00,03:00,418.0,
19.03.2021,03:00,04:00,397.0,
19.03.2021,04:00,05:00,416.0,
19.03.2021,05:00,06:00,419.0,
19.03.2021,06:00,07:00,397.0,
19.03.2021,07:00,08:00,430.0,
19.03.2021,08:00,09:00,434.0,
19.03.2021,09:00,10:00,383.0,
19.03.2021,10:00,11:00,269.0,
19.03.2021,11:00,12:00,296.0,
19.03.2021,12:00,13:00,304.0,
19.03.2021,13:00,14:00,342.0,
19.03.2021,14:00,15:00,335.0,
19.03.2021,15:00,16:00,343.0,
19.03.2021,16:00,17:00,379.0,
19.03.2021,17:00,18:00,387.0,
19.03.2021,18:00,19:00,420.0,
19.03.2021,19:00,20:00,427.0,
19.03.2021,20:00,21:00,428.0,
19.03.2021,21:00,22:00,424.0,
19.03.2021,22:00,23:00,426.0,
19.03.2021,23:00,00:00,427.0,
20.03.2021,00:00,01:00,424.0,
20.03.2021,01:00,02:00,387.0,
20.03.2021,02:00,03:00,366.0,
20.03.2021,03:00,04:00,381.0,
20.03.2021,04:00,05:00,424.0,
20.03.2021,05:00,06:00,416.0,
20.03.2021,06:00,07:00,207.0,
20.03.2021,07:00,08:00,201.0,
20.03.2021,08:00,09:00,203.0,
20.03.2021,09:00,10:00,202.0,
20.03.2021,10:00,11:00,202.0,
20.03.2021,11:00,12:00,201.0,
20.03.2021,12:00,13:00,202.0,
20.03.2021,13:00,14:00,202.0,
20.03.2021,14:00,15:00,202.0,
20.03.2021,15:00,16:00,202.0,
20.03.2021,16:00,17:00,202.0,
20.03.2021,17:00,18:00,201.0,
20.03.2021,18:00,19:00,202.0,
20.03.2021,19:00,20:00,201.0,
20.03.2021,20:00,21:00,23.0,
20.03.2021,21:00,22:00,0.0,
20.03.2021,22:00,23:00,0.0,
20.03.2021,23:00,00:00,0.0,
21.03.2021,00:00,01:00,0.0,
21.03.2021,01:00,02:00,0.0,
21.03.2021,02:00,03:00,0.0,
21.03.2021,03:00,04:00,0.0,
21.03.2021,04:00,05:00,0.0,
21.03.2021,05:00,06:00,49.0,
21.03.2021,06:00,07:00,227.0,
21.03.2021,07:00,08:00,202.0,
21.03.2021,08:00,09:00,202.0,
21.03.2021,09:00,10:00,202.0,
21.03.2021,10:00,11:00,202.0,
21.03.2021,11:00,12:00,201.0,
21.03.2021,12:00,13:00,202.0,
21.03.2021,13:00,14:00,202.0,
21.03.2021,14:00,15:00,206.0,
21.03.2021,15:00,16:00,211.0,
21.03.2021,16:00,17:00,211.0,
21.03.2021,17:00,18:00,219.0,
21.03.2021,18:00,19:00,419.0,
21.03.2021,19:00,20:00,401.0,
21.03.2021,20:00,21:00,346.0,
21.03.2021,21:00,22:00,376.0,
21.03.2021,22:00,23:00,318.0,
21.03.2021,23:00,00:00,357.0,
22.03.2021,00:00,01:00,337.0,
22.03.2021,01:00,02:00,341.0,
22.03.2021,02:00,03:00,341.0,
22.03.2021,03:00,04:00,336.0,
22.03.2021,04:00,05:00,420.0,
22.03.2021,05:00,06:00,372.0,
22.03.2021,06:00,07:00,388.0,
22.03.2021,07:00,08:00,423.0,
22.03.2021,08:00,09:00,428.0,
22.03.2021,09:00,10:00,401.0,
22.03.2021,10:00,11:00,422.0,
22.03.2021,11:00,12:00,429.0,
22.03.2021,12:00,13:00,426.0,
22.03.2021,13:00,14:00,428.0,
22.03.2021,14:00,15:00,427.0,
22.03.2021,15:00,16:00,391.0,
22.03.2021,16:00,17:00,412.0,
22.03.2021,17:00,18:00,424.0,
22.03.2021,18:00,19:00,439.0,
22.03.2021,19:00,20:00,391.0,
22.03.2021,20:00,21:00,423.0,
22.03.2021,21:00,22:00,428.0,
22.03.2021,22:00,23:00,428.0,
22.03.2021,23:00,00:00,403.0,
23.03.2021,00:00,01:00,401.0,
23.03.2021,01:00,02:00,432.0,
23.03.2021,02:00,03:00,428.0,
23.03.2021,03:00,04:00,423.0,
23.03.2021,04:00,05:00,432.0,
23.03.2021,05:00,06:00,417.0,
23.03.2021,06:00,07:00,410.0,
23.03.2021,07:00,08:00,440.0,
23.03.2021,08:00,09:00,434.0,
23.03.2021,09:00,10:00,389.0,
23.03.2021,10:00,11:00,400.0,
23.03.2021,11:00,12:00,402.0,
23.03.2021,12:00,13:00,432.0,
23.03.2021,13:00,14:00,428.0,
23.03.2021,14:00,15:00,428.0,
23.03.2021,15:00,16:00,427.0,
23.03.2021,16:00,17:00,359.0,
23.03.2021,17:00,18:00,390.0,
23.03.2021,18:00,19:00,424.0,
23.03.2021,19:00,20:00,436.0,
23.03.2021,20:00,21:00,438.0,
23.03.2021,21:00,22:00,434.0,
23.03.2021,22:00,23:00,429.0,
23.03.2021,23:00,00:00,431.0,
24.03.2021,00:00,01:00,432.0,
24.03.2021,01:00,02:00,432.0,
24.03.2021,02:00,03:00,416.0,
24.03.2021,03:00,04:00,431.0,
24.03.2021,04:00,05:00,413.0,
24.03.2021,05:00,06:00,428.0,
24.03.2021,06:00,07:00,427.0,
24.03.2021,07:00,08:00,413.0,
24.03.2021,08:00,09:00,416.0,
24.03.2021,09:00,10:00,389.0,
24.03.2021,10:00,11:00,381.0,
24.03.2021,11:00,12:00,352.0,
24.03.2021,12:00,13:00,285.0,
24.03.2021,13:00,14:00,258.0,
24.03.2021,14:00,15:00,296.0,
24.03.2021,15:00,16:00,312.0,
24.03.2021,16:00,17:00,361.0,
24.03.2021,17:00,18:00,401.0,
24.03.2021,18:00,19:00,426.0,
24.03.2021,19:00,20:00,432.0,
24.03.2021,20:00,21:00,410.0,
24.03.2021,21:00,22:00,401.0,
24.03.2021,22:00,23:00,400.0,
24.03.2021,23:00,00:00,393.0,
25.03.2021,00:00,01:00,427.0,
25.03.2021,01:00,02:00,338.0,
25.03.2021,02:00,03:00,377.0,
25.03.2021,03:00,04:00,422.0,
25.03.2021,04:00,05:00,430.0,
25.03.2021,05:00,06:00,428.0,
25.03.2021,06:00,07:00,424.0,
25.03.2021,07:00,08:00,394.0,
25.03.2021,08:00,09:00,387.0,
25.03.2021,09:00,10:00,300.0,
25.03.2021,10:00,11:00,305.0,
25.03.2021,11:00,12:00,258.0,
25.03.2021,12:00,13:00,225.0,
25.03.2021,13:00,14:00,365.0,
25.03.2021,14:00,15:00,349.0,
25.03.2021,15:00,16:00,393.0,
25.03.2021,16:00,17:00,419.0,
25.03.2021,17:00,18:00,415.0,
25.03.2021,18:00,19:00,423.0,
25.03.2021,19:00,20:00,430.0,
25.03.2021,20:00,21:00,371.0,
25.03.2021,21:00,22:00,272.0,
25.03.2021,22:00,23:00,308.0,
25.03.2021,23:00,00:00,278.0,
26.03.2021,00:00,01:00,403.0,
26.03.2021,01:00,02:00,287.0,
26.03.2021,02:00,03:00,0.0,
26.03.2021,03:00,04:00,0.0,
26.03.2021,04:00,05:00,0.0,
26.03.2021,05:00,06:00,0.0,
26.03.2021,06:00,07:00,0.0,
26.03.2021,07:00,08:00,0.0,
26.03.2021,08:00,09:00,0.0,
26.03.2021,09:00,10:00,0.0,
26.03.2021,10:00,11:00,0.0,
26.03.2021,11:00,12:00,0.0,
26.03.2021,12:00,13:00,0.0,
26.03.2021,13:00,14:00,0.0,
26.03.2021,14:00,15:00,0.0,
26.03.2021,15:00,16:00,0.0,
26.03.2021,16:00,17:00,0.0,
26.03.2021,17:00,18:00,0.0,
26.03.2021,18:00,19:00,0.0,
26.03.2021,19:00,20:00,0.0,
26.03.2021,20:00,21:00,0.0,
26.03.2021,21:00,22:00,0.0,
26.03.2021,22:00,23:00,0.0,
26.03.2021,23:00,00:00,0.0,
27.03.2021,00:00,01:00,0.0,
27.03.2021,01:00,02:00,0.0,
27.03.2021,02:00,03:00,0.0,
27.03.2021,03:00,04:00,0.0,
27.03.2021,04:00,05:00,0.0,
27.03.2021,05:00,06:00,0.0,
27.03.2021,06:00,07:00,0.0,
27.03.2021,07:00,08:00,0.0,
27.03.2021,08:00,09:00,0.0,
27.03.2021,09:00,10:00,0.0,
27.03.2021,10:00,11:00,0.0,
27.03.2021,11:00,12:00,0.0,
27.03.2021,12:00,13:00,0.0,
27.03.2021,13:00,14:00,0.0,
27.03.2021,14:00,15:00,0.0,
27.03.2021,15:00,16:00,0.0,
27.03.2021,16:00,17:00,0.0,
27.03.2021,17:00,18:00,0.0,
27.03.2021,18:00,19:00,0.0,
27.03.2021,19:00,20:00,0.0,
27.03.2021,20:00,21:00,0.0,
27.03.2021,21:00,22:00,0.0,
27.03.2021,22:00,23:00,0.0,
27.03.2021,23:00,00:00,0.0,
28.03.2021,00:00,01:00,0.0,
28.03.2021,01:00,02:00,0.0,
28.03.2021,03:00,04:00,0.0,
28.03.2021,04:00,05:00,0.0,
28.03.2021,05:00,06:00,0.0,
28.03.2021,06:00,07:00,0.0,
28.03.2021,07:00,08:00,0.0,
28.03.2021,08:00,09:00,0.0,
28.03.2021,09:00,10:00,0.0,
28.03.2021,10:00,11:00,0.0,
28.03.2021,11:00,12:00,0.0,
28.03.2021,12:00,13:00,0.0,
28.03.2021,13:00,14:00,0.0,
28.03.2021,14:00,15:00,0.0,
28.03.2021,15:00,16:00,0.0,
28.03.2021,16:00,17:00,0.0,
28.03.2021,17:00,18:00,0.0,
28.03.2021,18:00,19:00,0.0,
28.03.2021,19:00,20:00,0.0,
28.03.2021,20:00,21:00,0.0,
28.03.2021,21:00,22:00,0.0,
28.03.2021,22:00,23:00,0.0,
28.03.2021,23:00,00:00,0.0,
29.03.2021,00:00,01:00,0.0,
29.03.2021,01:00,02:00,0.0,
29.03.2021,02:00,03:00,0.0,
29.03.2021,03:00,04:00,0.0,
29.03.2021,04:00,05:00,0.0,
29.03.2021,05:00,06:00,0.0,
29.03.2021,06:00,07:00,0.0,
29.03.2021,07:00,08:00,0.0,
29.03.2021,08:00,09:00,0.0,
29.03.2021,09:00,10:00,0.0,
29.03.2021,10:00,11:00,0.0,
29.03.2021,11:00,12:00,0.0,
29.03.2021,12:00,13:00,0.0,
29.03.2021,13:00,14:00,0.0,
29.03.2021,14:00,15:00,0.0,
29.03.2021,15:00,16:00,0.0,
29.03.2021,16:00,17:00,0.0,
29.03.2021,17:00,18:00,0.0,
29.03.2021,18:00,19:00,0.0,
29.03.2021,19:00,20:00,0.0,
29.03.2021,20:00,21:00,0.0,
29.03.2021,21:00,22:00,0.0,
29.03.2021,22:00,23:00,0.0,
29.03.2021,23:00,00:00,0.0,
30.03.2021,00:00,01:00,0.0,
30.03.2021,01:00,02:00,0.0,
30.03.2021,02:00,03:00,0.0,
30.03.2021,03:00,04:00,0.0,
30.03.2021,04:00,05:00,0.0,
30.03.2021,05:00,06:00,0.0,
30.03.2021,06:00,07:00,0.0,
30.03.2021,07:00,08:00,0.0,
30.03.2021,08:00,09:00,0.0,
30.03.2021,09:00,10:00,0.0,
30.03.2021,10:00,11:00,0.0,
30.03.2021,11:00,12:00,0.0,
30.03.2021,12:00,13:00,0.0,
30.03.2021,13:00,14:00,0.0,
30.03.2021,14:00,15:00,0.0,
30.03.2021,15:00,16:00,0.0,
30.03.2021,16:00,17:00,8.0,
30.03.2021,17:00,18:00,168.0,
30.03.2021,18:00,19:00,290.0,
30.03.2021,19:00,20:00,374.0,
30.03.2021,20:00,21:00,413.0,
30.03.2021,21:00,22:00,413.0,
30.03.2021,22:00,23:00,403.0,
30.03.2021,23:00,00:00,397.0,
31.03.2021,00:00,01:00,418.0,
31.03.2021,01:00,02:00,425.0,
31.03.2021,02:00,03:00,425.0,
31.03.2021,03:00,04:00,426.0,
31.03.2021,04:00,05:00,426.0,
31.03.2021,05:00,06:00,425.0,
31.03.2021,06:00,07:00,409.0,
31.03.2021,07:00,08:00,421.0,
31.03.2021,08:00,09:00,415.0,
31.03.2021,09:00,10:00,415.0,
31.03.2021,10:00,11:00,403.0,
31.03.2021,11:00,12:00,407.0,
31.03.2021,12:00,13:00,398.0,
31.03.2021,13:00,14:00,393.0,
31.03.2021,14:00,15:00,384.0,
31.03.2021,15:00,16:00,382.0,
31.03.2021,16:00,17:00,348.0,
31.03.2021,17:00,18:00,356.0,
31.03.2021,18:00,19:00,364.0,
31.03.2021,19:00,20:00,390.0,
31.03.2021,20:00,21:00,396.0,
31.03.2021,21:00,22:00,399.0,
31.03.2021,22:00,23:00,402.0,
31.03.2021,23:00,00:00,404.0,
01.04.2021,00:00,01:00,405.0,
01.04.2021,01:00,02:00,409.0,
01.04.2021,02:00,03:00,394.0,
01.04.2021,03:00,04:00,360.0,
01.04.2021,04:00,05:00,334.0,
01.04.2021,05:00,06:00,390.0,
01.04.2021,06:00,07:00,408.0,
01.04.2021,07:00,08:00,395.0,
01.04.2021,08:00,09:00,412.0,
01.04.2021,09:00,10:00,411.0,
01.04.2021,10:00,11:00,293.0,
01.04.2021,11:00,12:00,0.0,
01.04.2021,12:00,13:00,0.0,
01.04.2021,13:00,14:00,0.0,
01.04.2021,14:00,15:00,0.0,
01.04.2021,15:00,16:00,0.0,
01.04.2021,16:00,17:00,0.0,
01.04.2021,17:00,18:00,0.0,
01.04.2021,18:00,19:00,0.0,
01.04.2021,19:00,20:00,0.0,
01.04.2021,20:00,21:00,0.0,
01.04.2021,21:00,22:00,0.0,
01.04.2021,22:00,23:00,0.0,
01.04.2021,23:00,00:00,0.0,
02.04.2021,00:00,01:00,0.0,
02.04.2021,01:00,02:00,0.0,
02.04.2021,02:00,03:00,0.0,
02.04.2021,03:00,04:00,0.0,
02.04.2021,04:00,05:00,0.0,
02.04.2021,05:00,06:00,0.0,
02.04.2021,06:00,07:00,0.0,
02.04.2021,07:00,08:00,0.0,
02.04.2021,08:00,09:00,0.0,
02.04.2021,09:00,10:00,0.0,
02.04.2021,10:00,11:00,0.0,
02.04.2021,11:00,12:00,0.0,
02.04.2021,12:00,13:00,0.0,
02.04.2021,13:00,14:00,0.0,
02.04.2021,14:00,15:00,0.0,
02.04.2021,15:00,16:00,0.0,
02.04.2021,16:00,17:00,0.0,
02.04.2021,17:00,18:00,0.0,
02.04.2021,18:00,19:00,0.0,
02.04.2021,19:00,20:00,0.0,
02.04.2021,20:00,21:00,0.0,
02.04.2021,21:00,22:00,0.0,
02.04.2021,22:00,23:00,0.0,
02.04.2021,23:00,00:00,0.0,
03.04.2021,00:00,01:00,0.0,
03.04.2021,01:00,02:00,0.0,
03.04.2021,02:00,03:00,0.0,
03.04.2021,03:00,04:00,0.0,
03.04.2021,04:00,05:00,0.0,
03.04.2021,05:00,06:00,0.0,
03.04.2021,06:00,07:00,0.0,
03.04.2021,07:00,08:00,0.0,
03.04.2021,08:00,09:00,0.0,
03.04.2021,09:00,10:00,0.0,
03.04.2021,10:00,11:00,0.0,
03.04.2021,11:00,12:00,0.0,
03.04.2021,12:00,13:00,0.0,
03.04.2021,13:00,14:00,0.0,
03.04.2021,14:00,15:00,0.0,
03.04.2021,15:00,16:00,0.0,
03.04.2021,16:00,17:00,0.0,
03.04.2021,17:00,18:00,0.0,
03.04.2021,18:00,19:00,0.0,
03.04.2021,19:00,20:00,0.0,
03.04.2021,20:00,21:00,0.0,
03.04.2021,21:00,22:00,0.0,
03.04.2021,22:00,23:00,0.0,
03.04.2021,23:00,00:00,0.0,
04.04.2021,00:00,01:00,0.0,
04.04.2021,01:00,02:00,0.0,
04.04.2021,02:00,03:00,0.0,
04.04.2021,03:00,04:00,0.0,
04.04.2021,04:00,05:00,0.0,
04.04.2021,05:00,06:00,0.0,
04.04.2021,06:00,07:00,0.0,
04.04.2021,07:00,08:00,0.0,
04.04.2021,08:00,09:00,0.0,
04.04.2021,09:00,10:00,0.0,
04.04.2021,10:00,11:00,0.0,
04.04.2021,11:00,12:00,0.0,
04.04.2021,12:00,13:00,0.0,
04.04.2021,13:00,14:00,0.0,
04.04.2021,14:00,15:00,0.0,
04.04.2021,15:00,16:00,0.0,
04.04.2021,16:00,17:00,0.0,
04.04.2021,17:00,18:00,0.0,
04.04.2021,18:00,19:00,0.0,
04.04.2021,19:00,20:00,0.0,
04.04.2021,20:00,21:00,0.0,
04.04.2021,21:00,22:00,0.0,
04.04.2021,22:00,23:00,0.0,
04.04.2021,23:00,00:00,0.0,
05.04.2021,00:00,01:00,0.0,
05.04.2021,01:00,02:00,0.0,
05.04.2021,02:00,03:00,0.0,
05.04.2021,03:00,04:00,0.0,
05.04.2021,04:00,05:00,0.0,
05.04.2021,05:00,06:00,0.0,
05.04.2021,06:00,07:00,0.0,
05.04.2021,07:00,08:00,0.0,
05.04.2021,08:00,09:00,0.0,
05.04.2021,09:00,10:00,0.0,
05.04.2021,10:00,11:00,0.0,
05.04.2021,11:00,12:00,0.0,
05.04.2021,12:00,13:00,0.0,
05.04.2021,13:00,14:00,0.0,
05.04.2021,14:00,15:00,0.0,
05.04.2021,15:00,16:00,0.0,
05.04.2021,16:00,17:00,0.0,
05.04.2021,17:00,18:00,0.0,
05.04.2021,18:00,19:00,0.0,
05.04.2021,19:00,20:00,0.0,
05.04.2021,20:00,21:00,0.0,
05.04.2021,21:00,22:00,0.0,
05.04.2021,22:00,23:00,0.0,
05.04.2021,23:00,00:00,0.0,
06.04.2021,00:00,01:00,0.0,
06.04.2021,01:00,02:00,0.0,
06.04.2021,02:00,03:00,0.0,
06.04.2021,03:00,04:00,0.0,
06.04.2021,04:00,05:00,116.0,
06.04.2021,05:00,06:00,219.0,
06.04.2021,06:00,07:00,212.0,
06.04.2021,07:00,08:00,212.0,
06.04.2021,08:00,09:00,255.0,
06.04.2021,09:00,10:00,418.0,
06.04.2021,10:00,11:00,328.0,
06.04.2021,11:00,12:00,295.0,
06.04.2021,12:00,13:00,24.0,
06.04.2021,13:00,14:00,0.0,
06.04.2021,14:00,15:00,0.0,
06.04.2021,15:00,16:00,0.0,
06.04.2021,16:00,17:00,0.0,
06.04.2021,17:00,18:00,0.0,
06.04.2021,18:00,19:00,0.0,
06.04.2021,19:00,20:00,0.0,
06.04.2021,20:00,21:00,0.0,
06.04.2021,21:00,22:00,0.0,
06.04.2021,22:00,23:00,0.0,
06.04.2021,23:00,00:00,0.0,
07.04.2021,00:00,01:00,0.0,
07.04.2021,01:00,02:00,0.0,
07.04.2021,02:00,03:00,0.0,
07.04.2021,03:00,04:00,0.0,
07.04.2021,04:00,05:00,0.0,
07.04.2021,05:00,06:00,0.0,
07.04.2021,06:00,07:00,0.0,
07.04.2021,07:00,08:00,0.0,
07.04.2021,08:00,09:00,0.0,
07.04.2021,09:00,10:00,0.0,
07.04.2021,10:00,11:00,0.0,
07.04.2021,11:00,12:00,0.0,
07.04.2021,12:00,13:00,0.0,
07.04.2021,13:00,14:00,0.0,
07.04.2021,14:00,15:00,0.0,
07.04.2021,15:00,16:00,0.0,
07.04.2021,16:00,17:00,0.0,
07.04.2021,17:00,18:00,0.0,
07.04.2021,18:00,19:00,0.0,
07.04.2021,19:00,20:00,0.0,
07.04.2021,20:00,21:00,0.0,
07.04.2021,21:00,22:00,0.0,
07.04.2021,22:00,23:00,0.0,
07.04.2021,23:00,00:00,0.0,
08.04.2021,00:00,01:00,0.0,
08.04.2021,01:00,02:00,0.0,
08.04.2021,02:00,03:00,0.0,
08.04.2021,03:00,04:00,0.0,
08.04.2021,04:00,05:00,0.0,
08.04.2021,05:00,06:00,153.0,
08.04.2021,06:00,07:00,319.0,
08.04.2021,07:00,08:00,422.0,
08.04.2021,08:00,09:00,427.0,
08.04.2021,09:00,10:00,412.0,
08.04.2021,10:00,11:00,324.0,
08.04.2021,11:00,12:00,385.0,
08.04.2021,12:00,13:00,428.0,
08.04.2021,13:00,14:00,384.0,
08.04.2021,14:00,15:00,355.0,
08.04.2021,15:00,16:00,291.0,
08.04.2021,16:00,17:00,374.0,
08.04.2021,17:00,18:00,347.0,
08.04.2021,18:00,19:00,395.0,
08.04.2021,19:00,20:00,389.0,
08.04.2021,20:00,21:00,427.0,
08.04.2021,21:00,22:00,406.0,
08.04.2021,22:00,23:00,415.0,
08.04.2021,23:00,00:00,420.0,
09.04.2021,00:00,01:00,343.0,
09.04.2021,01:00,02:00,313.0,
09.04.2021,02:00,03:00,295.0,
09.04.2021,03:00,04:00,302.0,
09.04.2021,04:00,05:00,313.0,
09.04.2021,05:00,06:00,323.0,
09.04.2021,06:00,07:00,378.0,
09.04.2021,07:00,08:00,415.0,
09.04.2021,08:00,09:00,421.0,
09.04.2021,09:00,10:00,386.0,
09.04.2021,10:00,11:00,356.0,
09.04.2021,11:00,12:00,262.0,
09.04.2021,12:00,13:00,224.0,
09.04.2021,13:00,14:00,236.0,
09.04.2021,14:00,15:00,342.0,
09.04.2021,15:00,16:00,305.0,
09.04.2021,16:00,17:00,224.0,
09.04.2021,17:00,18:00,290.0,
09.04.2021,18:00,19:00,412.0,
09.04.2021,19:00,20:00,422.0,
09.04.2021,20:00,21:00,419.0,
09.04.2021,21:00,22:00,417.0,
09.04.2021,22:00,23:00,418.0,
09.04.2021,23:00,00:00,421.0,
10.04.2021,00:00,01:00,422.0,
10.04.2021,01:00,02:00,396.0,
10.04.2021,02:00,03:00,421.0,
10.04.2021,03:00,04:00,422.0,
10.04.2021,04:00,05:00,416.0,
10.04.2021,05:00,06:00,421.0,
10.04.2021,06:00,07:00,421.0,
10.04.2021,07:00,08:00,422.0,
10.04.2021,08:00,09:00,422.0,
10.04.2021,09:00,10:00,418.0,
10.04.2021,10:00,11:00,422.0,
10.04.2021,11:00,12:00,422.0,
10.04.2021,12:00,13:00,394.0,
10.04.2021,13:00,14:00,420.0,
10.04.2021,14:00,15:00,420.0,
10.04.2021,15:00,16:00,419.0,
10.04.2021,16:00,17:00,419.0,
10.04.2021,17:00,18:00,396.0,
10.04.2021,18:00,19:00,410.0,
10.04.2021,19:00,20:00,418.0,
10.04.2021,20:00,21:00,418.0,
10.04.2021,21:00,22:00,377.0,
10.04.2021,22:00,23:00,318.0,
10.04.2021,23:00,00:00,296.0,
11.04.2021,00:00,01:00,0.0,
11.04.2021,01:00,02:00,0.0,
11.04.2021,02:00,03:00,0.0,
11.04.2021,03:00,04:00,0.0,
11.04.2021,04:00,05:00,0.0,
11.04.2021,05:00,06:00,0.0,
11.04.2021,06:00,07:00,0.0,
11.04.2021,07:00,08:00,0.0,
11.04.2021,08:00,09:00,0.0,
11.04.2021,09:00,10:00,0.0,
11.04.2021,10:00,11:00,0.0,
11.04.2021,11:00,12:00,0.0,
11.04.2021,12:00,13:00,0.0,
11.04.2021,13:00,14:00,0.0,
11.04.2021,14:00,15:00,0.0,
11.04.2021,15:00,16:00,0.0,
11.04.2021,16:00,17:00,0.0,
11.04.2021,17:00,18:00,0.0,
11.04.2021,18:00,19:00,0.0,
11.04.2021,19:00,20:00,0.0,
11.04.2021,20:00,21:00,0.0,
11.04.2021,21:00,22:00,0.0,
11.04.2021,22:00,23:00,0.0,
11.04.2021,23:00,00:00,0.0,
12.04.2021,00:00,01:00,0.0,
12.04.2021,01:00,02:00,0.0,
12.04.2021,02:00,03:00,0.0,
12.04.2021,03:00,04:00,0.0,
12.04.2021,04:00,05:00,0.0,
12.04.2021,05:00,06:00,0.0,
12.04.2021,06:00,07:00,150.0,
12.04.2021,07:00,08:00,319.0,
12.04.2021,08:00,09:00,419.0,
12.04.2021,09:00,10:00,396.0,
12.04.2021,10:00,11:00,399.0,
12.04.2021,11:00,12:00,419.0,
12.04.2021,12:00,13:00,401.0,
12.04.2021,13:00,14:00,411.0,
12.04.2021,14:00,15:00,395.0,
12.04.2021,15:00,16:00,399.0,
12.04.2021,16:00,17:00,318.0,
12.04.2021,17:00,18:00,361.0,
12.04.2021,18:00,19:00,331.0,
12.04.2021,19:00,20:00,427.0,
12.04.2021,20:00,21:00,429.0,
12.04.2021,21:00,22:00,343.0,
12.04.2021,22:00,23:00,343.0,
12.04.2021,23:00,00:00,319.0,
13.04.2021,00:00,01:00,249.0,
13.04.2021,01:00,02:00,245.0,
13.04.2021,02:00,03:00,262.0,
13.04.2021,03:00,04:00,401.0,
13.04.2021,04:00,05:00,316.0,
13.04.2021,05:00,06:00,324.0,
13.04.2021,06:00,07:00,327.0,
13.04.2021,07:00,08:00,336.0,
13.04.2021,08:00,09:00,407.0,
13.04.2021,09:00,10:00,348.0,
13.04.2021,10:00,11:00,366.0,
13.04.2021,11:00,12:00,416.0,
13.04.2021,12:00,13:00,227.0,
13.04.2021,13:00,14:00,228.0,
13.04.2021,14:00,15:00,227.0,
13.04.2021,15:00,16:00,227.0,
13.04.2021,16:00,17:00,336.0,
13.04.2021,17:00,18:00,370.0,
13.04.2021,18:00,19:00,224.0,
13.04.2021,19:00,20:00,333.0,
13.04.2021,20:00,21:00,397.0,
13.04.2021,21:00,22:00,296.0,
13.04.2021,22:00,23:00,399.0,
13.04.2021,23:00,00:00,300.0,
14.04.2021,00:00,01:00,262.0,
14.04.2021,01:00,02:00,295.0,
14.04.2021,02:00,03:00,295.0,
14.04.2021,03:00,04:00,303.0,
14.04.2021,04:00,05:00,302.0,
14.04.2021,05:00,06:00,364.0,
14.04.2021,06:00,07:00,345.0,
14.04.2021,07:00,08:00,416.0,
14.04.2021,08:00,09:00,285.0,
14.04.2021,09:00,10:00,268.0,
14.04.2021,10:00,11:00,252.0,
14.04.2021,11:00,12:00,304.0,
14.04.2021,12:00,13:00,414.0,
14.04.2021,13:00,14:00,298.0,
14.04.2021,14:00,15:00,297.0,
14.04.2021,15:00,16:00,298.0,
14.04.2021,16:00,17:00,400.0,
14.04.2021,17:00,18:00,385.0,
14.04.2021,18:00,19:00,407.0,
14.04.2021,19:00,20:00,428.0,
14.04.2021,20:00,21:00,429.0,
14.04.2021,21:00,22:00,418.0,
14.04.2021,22:00,23:00,372.0,
14.04.2021,23:00,00:00,309.0,
15.04.2021,00:00,01:00,420.0,
15.04.2021,01:00,02:00,350.0,
15.04.2021,02:00,03:00,290.0,
15.04.2021,03:00,04:00,287.0,
15.04.2021,04:00,05:00,303.0,
15.04.2021,05:00,06:00,360.0,
15.04.2021,06:00,07:00,391.0,
15.04.2021,07:00,08:00,426.0,
15.04.2021,08:00,09:00,409.0,
15.04.2021,09:00,10:00,352.0,
15.04.2021,10:00,11:00,320.0,
15.04.2021,11:00,12:00,361.0,
15.04.2021,12:00,13:00,358.0,
15.04.2021,13:00,14:00,384.0,
15.04.2021,14:00,15:00,332.0,
15.04.2021,15:00,16:00,375.0,
15.04.2021,16:00,17:00,400.0,
15.04.2021,17:00,18:00,355.0,
15.04.2021,18:00,19:00,400.0,
15.04.2021,19:00,20:00,410.0,
15.04.2021,20:00,21:00,416.0,
15.04.2021,21:00,22:00,408.0,
15.04.2021,22:00,23:00,386.0,
15.04.2021,23:00,00:00,389.0,
16.04.2021,00:00,01:00,412.0,
16.04.2021,01:00,02:00,422.0,
16.04.2021,02:00,03:00,418.0,
16.04.2021,03:00,04:00,417.0,
16.04.2021,04:00,05:00,388.0,
16.04.2021,05:00,06:00,387.0,
16.04.2021,06:00,07:00,416.0,
16.04.2021,07:00,08:00,426.0,
16.04.2021,08:00,09:00,422.0,
16.04.2021,09:00,10:00,371.0,
16.04.2021,10:00,11:00,357.0,
16.04.2021,11:00,12:00,384.0,
16.04.2021,12:00,13:00,223.0,
16.04.2021,13:00,14:00,221.0,
16.04.2021,14:00,15:00,220.0,
16.04.2021,15:00,16:00,219.0,
16.04.2021,16:00,17:00,215.0,
16.04.2021,17:00,18:00,216.0,
16.04.2021,18:00,19:00,216.0,
16.04.2021,19:00,20:00,223.0,
16.04.2021,20:00,21:00,406.0,
16.04.2021,21:00,22:00,414.0,
16.04.2021,22:00,23:00,402.0,
16.04.2021,23:00,00:00,391.0,
17.04.2021,00:00,01:00,281.0,
17.04.2021,01:00,02:00,281.0,
17.04.2021,02:00,03:00,281.0,
17.04.2021,03:00,04:00,281.0,
17.04.2021,04:00,05:00,263.0,
17.04.2021,05:00,06:00,262.0,
17.04.2021,06:00,07:00,262.0,
17.04.2021,07:00,08:00,261.0,
17.04.2021,08:00,09:00,252.0,
17.04.2021,09:00,10:00,247.0,
17.04.2021,10:00,11:00,234.0,
17.04.2021,11:00,12:00,215.0,
17.04.2021,12:00,13:00,219.0,
17.04.2021,13:00,14:00,218.0,
17.04.2021,14:00,15:00,220.0,
17.04.2021,15:00,16:00,221.0,
17.04.2021,16:00,17:00,277.0,
17.04.2021,17:00,18:00,288.0,
17.04.2021,18:00,19:00,300.0,
17.04.2021,19:00,20:00,302.0,
17.04.2021,20:00,21:00,427.0,
17.04.2021,21:00,22:00,430.0,
17.04.2021,22:00,23:00,414.0,
17.04.2021,23:00,00:00,395.0,
18.04.2021,00:00,01:00,424.0,
18.04.2021,01:00,02:00,430.0,
18.04.2021,02:00,03:00,302.0,
18.04.2021,03:00,04:00,300.0,
18.04.2021,04:00,05:00,299.0,
18.04.2021,05:00,06:00,328.0,
18.04.2021,06:00,07:00,386.0,
18.04.2021,07:00,08:00,387.0,
18.04.2021,08:00,09:00,418.0,
18.04.2021,09:00,10:00,417.0,
18.04.2021,10:00,11:00,417.0,
18.04.2021,11:00,12:00,412.0,
18.04.2021,12:00,13:00,410.0,
18.04.2021,13:00,14:00,398.0,
18.04.2021,14:00,15:00,294.0,
18.04.2021,15:00,16:00,291.0,
18.04.2021,16:00,17:00,391.0,
18.04.2021,17:00,18:00,415.0,
18.04.2021,18:00,19:00,419.0,
18.04.2021,19:00,20:00,427.0,
18.04.2021,20:00,21:00,429.0,
18.04.2021,21:00,22:00,428.0,
18.04.2021,22:00,23:00,423.0,
18.04.2021,23:00,00:00,424.0,
19.04.2021,00:00,01:00,424.0,
19.04.2021,01:00,02:00,424.0,
19.04.2021,02:00,03:00,367.0,
19.04.2021,03:00,04:00,366.0,
19.04.2021,04:00,05:00,318.0,
19.04.2021,05:00,06:00,318.0,
19.04.2021,06:00,07:00,417.0,
19.04.2021,07:00,08:00,423.0,
19.04.2021,08:00,09:00,422.0,
19.04.2021,09:00,10:00,420.0,
19.04.2021,10:00,11:00,419.0,
19.04.2021,11:00,12:00,417.0,
19.04.2021,12:00,13:00,386.0,
19.04.2021,13:00,14:00,386.0,
19.04.2021,14:00,15:00,404.0,
19.04.2021,15:00,16:00,400.0,
19.04.2021,16:00,17:00,397.0,
19.04.2021,17:00,18:00,402.0,
19.04.2021,18:00,19:00,376.0,
19.04.2021,19:00,20:00,412.0,
19.04.2021,20:00,21:00,409.0,
19.04.2021,21:00,22:00,392.0,
19.04.2021,22:00,23:00,283.0,
19.04.2021,23:00,00:00,287.0,
20.04.2021,00:00,01:00,393.0,
20.04.2021,01:00,02:00,415.0,
20.04.2021,02:00,03:00,415.0,
20.04.2021,03:00,04:00,418.0,
20.04.2021,04:00,05:00,421.0,
20.04.2021,05:00,06:00,406.0,
20.04.2021,06:00,07:00,416.0,
20.04.2021,07:00,08:00,416.0,
20.04.2021,08:00,09:00,419.0,
20.04.2021,09:00,10:00,393.0,
20.04.2021,10:00,11:00,286.0,
20.04.2021,11:00,12:00,261.0,
20.04.2021,12:00,13:00,346.0,
20.04.2021,13:00,14:00,391.0,
20.04.2021,14:00,15:00,392.0,
20.04.2021,15:00,16:00,355.0,
20.04.2021,16:00,17:00,307.0,
20.04.2021,17:00,18:00,317.0,
20.04.2021,18:00,19:00,320.0,
20.04.2021,19:00,20:00,384.0,
20.04.2021,20:00,21:00,407.0,
20.04.2021,21:00,22:00,390.0,
20.04.2021,22:00,23:00,402.0,
20.04.2021,23:00,00:00,400.0,
21.04.2021,00:00,01:00,404.0,
21.04.2021,01:00,02:00,402.0,
21.04.2021,02:00,03:00,394.0,
21.04.2021,03:00,04:00,408.0,
21.04.2021,04:00,05:00,399.0,
21.04.2021,05:00,06:00,376.0,
21.04.2021,06:00,07:00,397.0,
21.04.2021,07:00,08:00,368.0,
21.04.2021,08:00,09:00,358.0,
21.04.2021,09:00,10:00,373.0,
21.04.2021,10:00,11:00,336.0,
21.04.2021,11:00,12:00,296.0,
21.04.2021,12:00,13:00,312.0,
21.04.2021,13:00,14:00,305.0,
21.04.2021,14:00,15:00,286.0,
21.04.2021,15:00,16:00,317.0,
21.04.2021,16:00,17:00,225.0,
21.04.2021,17:00,18:00,218.0,
21.04.2021,18:00,19:00,220.0,
21.04.2021,19:00,20:00,237.0,
21.04.2021,20:00,21:00,382.0,
21.04.2021,21:00,22:00,355.0,
21.04.2021,22:00,23:00,386.0,
21.04.2021,23:00,00:00,322.0,
22.04.2021,00:00,01:00,262.0,
22.04.2021,01:00,02:00,0.0,
22.04.2021,02:00,03:00,0.0,
22.04.2021,03:00,04:00,0.0,
22.04.2021,04:00,05:00,0.0,
22.04.2021,05:00,06:00,0.0,
22.04.2021,06:00,07:00,0.0,
22.04.2021,07:00,08:00,0.0,
22.04.2021,08:00,09:00,0.0,
22.04.2021,09:00,10:00,0.0,
22.04.2021,10:00,11:00,0.0,
22.04.2021,11:00,12:00,0.0,
22.04.2021,12:00,13:00,0.0,
22.04.2021,13:00,14:00,0.0,
22.04.2021,14:00,15:00,0.0,
22.04.2021,15:00,16:00,0.0,
22.04.2021,16:00,17:00,0.0,
22.04.2021,17:00,18:00,0.0,
22.04.2021,18:00,19:00,0.0,
22.04.2021,19:00,20:00,0.0,
22.04.2021,20:00,21:00,0.0,
22.04.2021,21:00,22:00,0.0,
22.04.2021,22:00,23:00,0.0,
22.04.2021,23:00,00:00,0.0,
23.04.2021,00:00,01:00,,
23.04.2021,01:00,02:00,,
23.04.2021,02:00,03:00,,
23.04.2021,03:00,04:00,,
23.04.2021,04:00,05:00,,
23.04.2021,05:00,06:00,,
23.04.2021,06:00,07:00,,
23.04.2021,07:00,08:00,,
23.04.2021,08:00,09:00,,
23.04.2021,09:00,10:00,,
23.04.2021,10:00,11:00,,
23.04.2021,11:00,12:00,,
23.04.2021,12:00,13:00,,
23.04.2021,13:00,14:00,,
23.04.2021,14:00,15:00,,
23.04.2021,15:00,16:00,,
23.04.2021,16:00,17:00,,
23.04.2021,17:00,18:00,,
23.04.2021,18:00,19:00,,
23.04.2021,19:00,20:00,,
23.04.2021,20:00,21:00,,
23.04.2021,21:00,22:00,,
23.04.2021,22:00,23:00,,
23.04.2021,23:00,00:00,,
24.04.2021,00:00,01:00,352.0,
24.04.2021,01:00,02:00,382.0,
24.04.2021,02:00,03:00,323.0,
24.04.2021,03:00,04:00,405.0,
24.04.2021,04:00,05:00,414.0,
24.04.2021,05:00,06:00,303.0,
24.04.2021,06:00,07:00,0.0,
24.04.2021,07:00,08:00,0.0,
24.04.2021,08:00,09:00,0.0,
24.04.2021,09:00,10:00,0.0,
24.04.2021,10:00,11:00,0.0,
24.04.2021,11:00,12:00,0.0,
24.04.2021,12:00,13:00,0.0,
24.04.2021,13:00,14:00,0.0,
24.04.2021,14:00,15:00,0.0,
24.04.2021,15:00,16:00,0.0,
24.04.2021,16:00,17:00,0.0,
24.04.2021,17:00,18:00,0.0,
24.04.2021,18:00,19:00,0.0,
24.04.2021,19:00,20:00,0.0,
24.04.2021,20:00,21:00,0.0,
24.04.2021,21:00,22:00,0.0,
24.04.2021,22:00,23:00,0.0,
24.04.2021,23:00,00:00,0.0,
25.04.2021,00:00,01:00,0.0,
25.04.2021,01:00,02:00,0.0,
25.04.2021,02:00,03:00,0.0,
25.04.2021,03:00,04:00,0.0,
25.04.2021,04:00,05:00,0.0,
25.04.2021,05:00,06:00,0.0,
25.04.2021,06:00,07:00,0.0,
25.04.2021,07:00,08:00,0.0,
25.04.2021,08:00,09:00,0.0,
25.04.2021,09:00,10:00,0.0,
25.04.2021,10:00,11:00,0.0,
25.04.2021,11:00,12:00,0.0,
25.04.2021,12:00,13:00,0.0,
25.04.2021,13:00,14:00,0.0,
25.04.2021,14:00,15:00,0.0,
25.04.2021,15:00,16:00,0.0,
25.04.2021,16:00,17:00,0.0,
25.04.2021,17:00,18:00,0.0,
25.04.2021,18:00,19:00,0.0,
25.04.2021,19:00,20:00,0.0,
25.04.2021,20:00,21:00,0.0,
25.04.2021,21:00,22:00,0.0,
25.04.2021,22:00,23:00,0.0,
25.04.2021,23:00,00:00,0.0,
26.04.2021,00:00,01:00,0.0,
26.04.2021,01:00,02:00,0.0,
26.04.2021,02:00,03:00,0.0,
26.04.2021,03:00,04:00,0.0,
26.04.2021,04:00,05:00,0.0,
26.04.2021,05:00,06:00,154.0,
26.04.2021,06:00,07:00,320.0,
26.04.2021,07:00,08:00,432.0,
26.04.2021,08:00,09:00,403.0,
26.04.2021,09:00,10:00,365.0,
26.04.2021,10:00,11:00,398.0,
26.04.2021,11:00,12:00,340.0,
26.04.2021,12:00,13:00,299.0,
26.04.2021,13:00,14:00,295.0,
26.04.2021,14:00,15:00,218.0,
26.04.2021,15:00,16:00,307.0,
26.04.2021,16:00,17:00,295.0,
26.04.2021,17:00,18:00,346.0,
26.04.2021,18:00,19:00,380.0,
26.04.2021,19:00,20:00,375.0,
26.04.2021,20:00,21:00,390.0,
26.04.2021,21:00,22:00,364.0,
26.04.2021,22:00,23:00,326.0,
26.04.2021,23:00,00:00,366.0,
27.04.2021,00:00,01:00,362.0,
27.04.2021,01:00,02:00,426.0,
27.04.2021,02:00,03:00,427.0,
27.04.2021,03:00,04:00,368.0,
27.04.2021,04:00,05:00,392.0,
27.04.2021,05:00,06:00,414.0,
27.04.2021,06:00,07:00,420.0,
27.04.2021,07:00,08:00,435.0,
27.04.2021,08:00,09:00,438.0,
27.04.2021,09:00,10:00,383.0,
27.04.2021,10:00,11:00,330.0,
27.04.2021,11:00,12:00,401.0,
27.04.2021,12:00,13:00,365.0,
27.04.2021,13:00,14:00,332.0,
27.04.2021,14:00,15:00,288.0,
27.04.2021,15:00,16:00,367.0,
27.04.2021,16:00,17:00,339.0,
27.04.2021,17:00,18:00,331.0,
27.04.2021,18:00,19:00,368.0,
27.04.2021,19:00,20:00,414.0,
27.04.2021,20:00,21:00,396.0,
27.04.2021,21:00,22:00,357.0,
27.04.2021,22:00,23:00,343.0,
27.04.2021,23:00,00:00,381.0,
28.04.2021,00:00,01:00,402.0,
28.04.2021,01:00,02:00,413.0,
28.04.2021,02:00,03:00,390.0,
28.04.2021,03:00,04:00,384.0,
28.04.2021,04:00,05:00,406.0,
28.04.2021,05:00,06:00,410.0,
28.04.2021,06:00,07:00,417.0,
28.04.2021,07:00,08:00,422.0,
28.04.2021,08:00,09:00,414.0,
28.04.2021,09:00,10:00,411.0,
28.04.2021,10:00,11:00,409.0,
28.04.2021,11:00,12:00,397.0,
28.04.2021,12:00,13:00,309.0,
28.04.2021,13:00,14:00,255.0,
28.04.2021,14:00,15:00,311.0,
28.04.2021,15:00,16:00,310.0,
28.04.2021,16:00,17:00,367.0,
28.04.2021,17:00,18:00,365.0,
28.04.2021,18:00,19:00,391.0,
28.04.2021,19:00,20:00,395.0,
28.04.2021,20:00,21:00,398.0,
28.04.2021,21:00,22:00,384.0,
28.04.2021,22:00,23:00,393.0,
28.04.2021,23:00,00:00,399.0,
29.04.2021,00:00,01:00,372.0,
29.04.2021,01:00,02:00,392.0,
29.04.2021,02:00,03:00,402.0,
29.04.2021,03:00,04:00,388.0,
29.04.2021,04:00,05:00,394.0,
29.04.2021,05:00,06:00,390.0,
29.04.2021,06:00,07:00,404.0,
29.04.2021,07:00,08:00,409.0,
29.04.2021,08:00,09:00,409.0,
29.04.2021,09:00,10:00,401.0,
29.04.2021,10:00,11:00,391.0,
29.04.2021,11:00,12:00,402.0,
29.04.2021,12:00,13:00,339.0,
29.04.2021,13:00,14:00,348.0,
29.04.2021,14:00,15:00,369.0,
29.04.2021,15:00,16:00,367.0,
29.04.2021,16:00,17:00,383.0,
29.04.2021,17:00,18:00,371.0,
29.04.2021,18:00,19:00,363.0,
29.04.2021,19:00,20:00,380.0,
29.04.2021,20:00,21:00,397.0,
29.04.2021,21:00,22:00,395.0,
29.04.2021,22:00,23:00,386.0,
29.04.2021,23:00,00:00,382.0,
30.04.2021,00:00,01:00,382.0,
30.04.2021,01:00,02:00,383.0,
30.04.2021,02:00,03:00,378.0,
30.04.2021,03:00,04:00,368.0,
30.04.2021,04:00,05:00,393.0,
30.04.2021,05:00,06:00,403.0,
30.04.2021,06:00,07:00,400.0,
30.04.2021,07:00,08:00,424.0,
30.04.2021,08:00,09:00,423.0,
30.04.2021,09:00,10:00,422.0,
30.04.2021,10:00,11:00,422.0,
30.04.2021,11:00,12:00,420.0,
30.04.2021,12:00,13:00,415.0,
30.04.2021,13:00,14:00,413.0,
30.04.2021,14:00,15:00,412.0,
30.04.2021,15:00,16:00,411.0,
30.04.2021,16:00,17:00,410.0,
30.04.2021,17:00,18:00,410.0,
30.04.2021,18:00,19:00,411.0,
30.04.2021,19:00,20:00,410.0,
30.04.2021,20:00,21:00,303.0,
30.04.2021,21:00,22:00,252.0,
30.04.2021,22:00,23:00,252.0,
30.04.2021,23:00,00:00,204.0,
01.05.2021,00:00,01:00,0.0,
01.05.2021,01:00,02:00,0.0,
01.05.2021,02:00,03:00,0.0,
01.05.2021,03:00,04:00,0.0,
01.05.2021,04:00,05:00,0.0,
01.05.2021,05:00,06:00,0.0,
01.05.2021,06:00,07:00,0.0,
01.05.2021,07:00,08:00,0.0,
01.05.2021,08:00,09:00,0.0,
01.05.2021,09:00,10:00,0.0,
01.05.2021,10:00,11:00,0.0,
01.05.2021,11:00,12:00,0.0,
01.05.2021,12:00,13:00,0.0,
01.05.2021,13:00,14:00,0.0,
01.05.2021,14:00,15:00,0.0,
01.05.2021,15:00,16:00,0.0,
01.05.2021,16:00,17:00,0.0,
01.05.2021,17:00,18:00,0.0,
01.05.2021,18:00,19:00,0.0,
01.05.2021,19:00,20:00,0.0,
01.05.2021,20:00,21:00,0.0,
01.05.2021,21:00,22:00,0.0,
01.05.2021,22:00,23:00,0.0,
01.05.2021,23:00,00:00,0.0,
02.05.2021,00:00,01:00,0.0,
02.05.2021,01:00,02:00,0.0,
02.05.2021,02:00,03:00,0.0,
02.05.2021,03:00,04:00,0.0,
02.05.2021,04:00,05:00,0.0,
02.05.2021,05:00,06:00,0.0,
02.05.2021,06:00,07:00,0.0,
02.05.2021,07:00,08:00,0.0,
02.05.2021,08:00,09:00,1.0,
02.05.2021,09:00,10:00,1.0,
02.05.2021,10:00,11:00,1.0,
02.05.2021,11:00,12:00,1.0,
02.05.2021,12:00,13:00,1.0,
02.05.2021,13:00,14:00,1.0,
02.05.2021,14:00,15:00,1.0,
02.05.2021,15:00,16:00,1.0,
02.05.2021,16:00,17:00,1.0,
02.05.2021,17:00,18:00,1.0,
02.05.2021,18:00,19:00,1.0,
02.05.2021,19:00,20:00,1.0,
02.05.2021,20:00,21:00,1.0,
02.05.2021,21:00,22:00,1.0,
02.05.2021,22:00,23:00,1.0,
02.05.2021,23:00,00:00,1.0,
03.05.2021,00:00,01:00,1.0,
03.05.2021,01:00,02:00,0.0,
03.05.2021,02:00,03:00,0.0,
03.05.2021,03:00,04:00,0.0,
03.05.2021,04:00,05:00,0.0,
03.05.2021,05:00,06:00,0.0,
03.05.2021,06:00,07:00,0.0,
03.05.2021,07:00,08:00,0.0,
03.05.2021,08:00,09:00,0.0,
03.05.2021,09:00,10:00,0.0,
03.05.2021,10:00,11:00,0.0,
03.05.2021,11:00,12:00,0.0,
03.05.2021,12:00,13:00,0.0,
03.05.2021,13:00,14:00,0.0,
03.05.2021,14:00,15:00,0.0,
03.05.2021,15:00,16:00,0.0,
03.05.2021,16:00,17:00,0.0,
03.05.2021,17:00,18:00,0.0,
03.05.2021,18:00,19:00,0.0,
03.05.2021,19:00,20:00,0.0,
03.05.2021,20:00,21:00,0.0,
03.05.2021,21:00,22:00,1.0,
03.05.2021,22:00,23:00,1.0,
03.05.2021,23:00,00:00,1.0,
04.05.2021,00:00,01:00,1.0,
04.05.2021,01:00,02:00,1.0,
04.05.2021,02:00,03:00,1.0,
04.05.2021,03:00,04:00,1.0,
04.05.2021,04:00,05:00,1.0,
04.05.2021,05:00,06:00,1.0,
04.05.2021,06:00,07:00,1.0,
04.05.2021,07:00,08:00,1.0,
04.05.2021,08:00,09:00,1.0,
04.05.2021,09:00,10:00,1.0,
04.05.2021,10:00,11:00,1.0,
04.05.2021,11:00,12:00,1.0,
04.05.2021,12:00,13:00,1.0,
04.05.2021,13:00,14:00,1.0,
04.05.2021,14:00,15:00,1.0,
04.05.2021,15:00,16:00,1.0,
04.05.2021,16:00,17:00,1.0,
04.05.2021,17:00,18:00,1.0,
04.05.2021,18:00,19:00,1.0,
04.05.2021,19:00,20:00,1.0,
04.05.2021,20:00,21:00,1.0,
04.05.2021,21:00,22:00,1.0,
04.05.2021,22:00,23:00,1.0,
04.05.2021,23:00,00:00,1.0,
05.05.2021,00:00,01:00,1.0,
05.05.2021,01:00,02:00,1.0,
05.05.2021,02:00,03:00,1.0,
05.05.2021,03:00,04:00,1.0,
05.05.2021,04:00,05:00,1.0,
05.05.2021,05:00,06:00,1.0,
05.05.2021,06:00,07:00,1.0,
05.05.2021,07:00,08:00,0.0,
05.05.2021,08:00,09:00,0.0,
05.05.2021,09:00,10:00,1.0,
05.05.2021,10:00,11:00,1.0,
05.05.2021,11:00,12:00,1.0,
05.05.2021,12:00,13:00,0.0,
05.05.2021,13:00,14:00,0.0,
05.05.2021,14:00,15:00,1.0,
05.05.2021,15:00,16:00,0.0,
05.05.2021,16:00,17:00,1.0,
05.05.2021,17:00,18:00,0.0,
05.05.2021,18:00,19:00,0.0,
05.05.2021,19:00,20:00,0.0,
05.05.2021,20:00,21:00,1.0,
05.05.2021,21:00,22:00,1.0,
05.05.2021,22:00,23:00,1.0,
05.05.2021,23:00,00:00,1.0,
06.05.2021,00:00,01:00,0.0,
06.05.2021,01:00,02:00,0.0,
06.05.2021,02:00,03:00,0.0,
06.05.2021,03:00,04:00,0.0,
06.05.2021,04:00,05:00,0.0,
06.05.2021,05:00,06:00,0.0,
06.05.2021,06:00,07:00,0.0,
06.05.2021,07:00,08:00,0.0,
06.05.2021,08:00,09:00,0.0,
06.05.2021,09:00,10:00,0.0,
06.05.2021,10:00,11:00,0.0,
06.05.2021,11:00,12:00,0.0,
06.05.2021,12:00,13:00,0.0,
06.05.2021,13:00,14:00,0.0,
06.05.2021,14:00,15:00,0.0,
06.05.2021,15:00,16:00,0.0,
06.05.2021,16:00,17:00,0.0,
06.05.2021,17:00,18:00,0.0,
06.05.2021,18:00,19:00,0.0,
06.05.2021,19:00,20:00,0.0,
06.05.2021,20:00,21:00,0.0,
06.05.2021,21:00,22:00,0.0,
06.05.2021,22:00,23:00,0.0,
06.05.2021,23:00,00:00,0.0,
07.05.2021,00:00,01:00,0.0,
07.05.2021,01:00,02:00,0.0,
07.05.2021,02:00,03:00,0.0,
07.05.2021,03:00,04:00,0.0,
07.05.2021,04:00,05:00,0.0,
07.05.2021,05:00,06:00,0.0,
07.05.2021,06:00,07:00,0.0,
07.05.2021,07:00,08:00,0.0,
07.05.2021,08:00,09:00,0.0,
07.05.2021,09:00,10:00,0.0,
07.05.2021,10:00,11:00,0.0,
07.05.2021,11:00,12:00,0.0,
07.05.2021,12:00,13:00,0.0,
07.05.2021,13:00,14:00,0.0,
07.05.2021,14:00,15:00,0.0,
07.05.2021,15:00,16:00,0.0,
07.05.2021,16:00,17:00,0.0,
07.05.2021,17:00,18:00,0.0,
07.05.2021,18:00,19:00,0.0,
07.05.2021,19:00,20:00,0.0,
07.05.2021,20:00,21:00,0.0,
07.05.2021,21:00,22:00,0.0,
07.05.2021,22:00,23:00,0.0,
07.05.2021,23:00,00:00,1.0,
08.05.2021,00:00,01:00,0.0,
08.05.2021,01:00,02:00,0.0,
08.05.2021,02:00,03:00,0.0,
08.05.2021,03:00,04:00,0.0,
08.05.2021,04:00,05:00,0.0,
08.05.2021,05:00,06:00,0.0,
08.05.2021,06:00,07:00,0.0,
08.05.2021,07:00,08:00,0.0,
08.05.2021,08:00,09:00,0.0,
08.05.2021,09:00,10:00,0.0,
08.05.2021,10:00,11:00,0.0,
08.05.2021,11:00,12:00,0.0,
08.05.2021,12:00,13:00,0.0,
08.05.2021,13:00,14:00,0.0,
08.05.2021,14:00,15:00,0.0,
08.05.2021,15:00,16:00,0.0,
08.05.2021,16:00,17:00,0.0,
08.05.2021,17:00,18:00,0.0,
08.05.2021,18:00,19:00,0.0,
08.05.2021,19:00,20:00,0.0,
08.05.2021,20:00,21:00,0.0,
08.05.2021,21:00,22:00,0.0,
08.05.2021,22:00,23:00,1.0,
08.05.2021,23:00,00:00,1.0,
09.05.2021,00:00,01:00,1.0,
09.05.2021,01:00,02:00,0.0,
09.05.2021,02:00,03:00,1.0,
09.05.2021,03:00,04:00,1.0,
09.05.2021,04:00,05:00,0.0,
09.05.2021,05:00,06:00,1.0,
09.05.2021,06:00,07:00,1.0,
09.05.2021,07:00,08:00,1.0,
09.05.2021,08:00,09:00,1.0,
09.05.2021,09:00,10:00,1.0,
09.05.2021,10:00,11:00,1.0,
09.05.2021,11:00,12:00,1.0,
09.05.2021,12:00,13:00,1.0,
09.05.2021,13:00,14:00,1.0,
09.05.2021,14:00,15:00,1.0,
09.05.2021,15:00,16:00,1.0,
09.05.2021,16:00,17:00,1.0,
09.05.2021,17:00,18:00,1.0,
09.05.2021,18:00,19:00,1.0,
09.05.2021,19:00,20:00,1.0,
09.05.2021,20:00,21:00,1.0,
09.05.2021,21:00,22:00,1.0,
09.05.2021,22:00,23:00,1.0,
09.05.2021,23:00,00:00,1.0,
10.05.2021,00:00,01:00,1.0,
10.05.2021,01:00,02:00,1.0,
10.05.2021,02:00,03:00,1.0,
10.05.2021,03:00,04:00,1.0,
10.05.2021,04:00,05:00,1.0,
10.05.2021,05:00,06:00,1.0,
10.05.2021,06:00,07:00,1.0,
10.05.2021,07:00,08:00,1.0,
10.05.2021,08:00,09:00,0.0,
10.05.2021,09:00,10:00,0.0,
10.05.2021,10:00,11:00,0.0,
10.05.2021,11:00,12:00,0.0,
10.05.2021,12:00,13:00,0.0,
10.05.2021,13:00,14:00,0.0,
10.05.2021,14:00,15:00,0.0,
10.05.2021,15:00,16:00,0.0,
10.05.2021,16:00,17:00,0.0,
10.05.2021,17:00,18:00,0.0,
10.05.2021,18:00,19:00,0.0,
10.05.2021,19:00,20:00,0.0,
10.05.2021,20:00,21:00,0.0,
10.05.2021,21:00,22:00,0.0,
10.05.2021,22:00,23:00,0.0,
10.05.2021,23:00,00:00,0.0,
11.05.2021,00:00,01:00,0.0,
11.05.2021,01:00,02:00,0.0,
11.05.2021,02:00,03:00,0.0,
11.05.2021,03:00,04:00,0.0,
11.05.2021,04:00,05:00,0.0,
11.05.2021,05:00,06:00,0.0,
11.05.2021,06:00,07:00,0.0,
11.05.2021,07:00,08:00,0.0,
11.05.2021,08:00,09:00,0.0,
11.05.2021,09:00,10:00,0.0,
11.05.2021,10:00,11:00,0.0,
11.05.2021,11:00,12:00,0.0,
11.05.2021,12:00,13:00,1.0,
11.05.2021,13:00,14:00,1.0,
11.05.2021,14:00,15:00,0.0,
11.05.2021,15:00,16:00,0.0,
11.05.2021,16:00,17:00,1.0,
11.05.2021,17:00,18:00,0.0,
11.05.2021,18:00,19:00,0.0,
11.05.2021,19:00,20:00,0.0,
11.05.2021,20:00,21:00,0.0,
11.05.2021,21:00,22:00,0.0,
11.05.2021,22:00,23:00,0.0,
11.05.2021,23:00,00:00,0.0,
12.05.2021,00:00,01:00,0.0,
12.05.2021,01:00,02:00,0.0,
12.05.2021,02:00,03:00,0.0,
12.05.2021,03:00,04:00,0.0,
12.05.2021,04:00,05:00,0.0,
12.05.2021,05:00,06:00,0.0,
12.05.2021,06:00,07:00,0.0,
12.05.2021,07:00,08:00,0.0,
12.05.2021,08:00,09:00,0.0,
12.05.2021,09:00,10:00,0.0,
12.05.2021,10:00,11:00,0.0,
12.05.2021,11:00,12:00,0.0,
12.05.2021,12:00,13:00,1.0,
12.05.2021,13:00,14:00,1.0,
12.05.2021,14:00,15:00,1.0,
12.05.2021,15:00,16:00,1.0,
12.05.2021,16:00,17:00,0.0,
12.05.2021,17:00,18:00,1.0,
12.05.2021,18:00,19:00,1.0,
12.05.2021,19:00,20:00,1.0,
12.05.2021,20:00,21:00,1.0,
12.05.2021,21:00,22:00,1.0,
12.05.2021,22:00,23:00,1.0,
12.05.2021,23:00,00:00,1.0,
13.05.2021,00:00,01:00,1.0,
13.05.2021,01:00,02:00,1.0,
13.05.2021,02:00,03:00,1.0,
13.05.2021,03:00,04:00,0.0,
13.05.2021,04:00,05:00,1.0,
13.05.2021,05:00,06:00,0.0,
13.05.2021,06:00,07:00,1.0,
13.05.2021,07:00,08:00,0.0,
13.05.2021,08:00,09:00,1.0,
13.05.2021,09:00,10:00,1.0,
13.05.2021,10:00,11:00,1.0,
13.05.2021,11:00,12:00,1.0,
13.05.2021,12:00,13:00,1.0,
13.05.2021,13:00,14:00,1.0,
13.05.2021,14:00,15:00,1.0,
13.05.2021,15:00,16:00,1.0,
13.05.2021,16:00,17:00,1.0,
13.05.2021,17:00,18:00,1.0,
13.05.2021,18:00,19:00,1.0,
13.05.2021,19:00,20:00,1.0,
13.05.2021,20:00,21:00,1.0,
13.05.2021,21:00,22:00,1.0,
13.05.2021,22:00,23:00,1.0,
13.05.2021,23:00,00:00,1.0,
14.05.2021,00:00,01:00,1.0,
14.05.2021,01:00,02:00,1.0,
14.05.2021,02:00,03:00,1.0,
14.05.2021,03:00,04:00,1.0,
14.05.2021,04:00,05:00,1.0,
14.05.2021,05:00,06:00,1.0,
14.05.2021,06:00,07:00,1.0,
14.05.2021,07:00,08:00,0.0,
14.05.2021,08:00,09:00,1.0,
14.05.2021,09:00,10:00,1.0,
14.05.2021,10:00,11:00,1.0,
14.05.2021,11:00,12:00,1.0,
14.05.2021,12:00,13:00,1.0,
14.05.2021,13:00,14:00,1.0,
14.05.2021,14:00,15:00,1.0,
14.05.2021,15:00,16:00,1.0,
14.05.2021,16:00,17:00,1.0,
14.05.2021,17:00,18:00,1.0,
14.05.2021,18:00,19:00,1.0,
14.05.2021,19:00,20:00,1.0,
14.05.2021,20:00,21:00,1.0,
14.05.2021,21:00,22:00,1.0,
14.05.2021,22:00,23:00,1.0,
14.05.2021,23:00,00:00,1.0,
15.05.2021,00:00,01:00,1.0,
15.05.2021,01:00,02:00,1.0,
15.05.2021,02:00,03:00,1.0,
15.05.2021,03:00,04:00,1.0,
15.05.2021,04:00,05:00,1.0,
15.05.2021,05:00,06:00,1.0,
15.05.2021,06:00,07:00,1.0,
15.05.2021,07:00,08:00,1.0,
15.05.2021,08:00,09:00,1.0,
15.05.2021,09:00,10:00,1.0,
15.05.2021,10:00,11:00,1.0,
15.05.2021,11:00,12:00,1.0,
15.05.2021,12:00,13:00,1.0,
15.05.2021,13:00,14:00,1.0,
15.05.2021,14:00,15:00,1.0,
15.05.2021,15:00,16:00,1.0,
15.05.2021,16:00,17:00,1.0,
15.05.2021,17:00,18:00,1.0,
15.05.2021,18:00,19:00,1.0,
15.05.2021,19:00,20:00,1.0,
15.05.2021,20:00,21:00,1.0,
15.05.2021,21:00,22:00,1.0,
15.05.2021,22:00,23:00,1.0,
15.05.2021,23:00,00:00,1.0,
16.05.2021,00:00,01:00,1.0,
16.05.2021,01:00,02:00,1.0,
16.05.2021,02:00,03:00,1.0,
16.05.2021,03:00,04:00,1.0,
16.05.2021,04:00,05:00,1.0,
16.05.2021,05:00,06:00,1.0,
16.05.2021,06:00,07:00,1.0,
16.05.2021,07:00,08:00,1.0,
16.05.2021,08:00,09:00,1.0,
16.05.2021,09:00,10:00,1.0,
16.05.2021,10:00,11:00,1.0,
16.05.2021,11:00,12:00,1.0,
16.05.2021,12:00,13:00,1.0,
16.05.2021,13:00,14:00,1.0,
16.05.2021,14:00,15:00,1.0,
16.05.2021,15:00,16:00,1.0,
16.05.2021,16:00,17:00,1.0,
16.05.2021,17:00,18:00,1.0,
16.05.2021,18:00,19:00,1.0,
16.05.2021,19:00,20:00,1.0,
16.05.2021,20:00,21:00,1.0,
16.05.2021,21:00,22:00,1.0,
16.05.2021,22:00,23:00,1.0,
16.05.2021,23:00,00:00,1.0,
17.05.2021,00:00,01:00,1.0,
17.05.2021,01:00,02:00,1.0,
17.05.2021,02:00,03:00,1.0,
17.05.2021,03:00,04:00,1.0,
17.05.2021,04:00,05:00,1.0,
17.05.2021,05:00,06:00,1.0,
17.05.2021,06:00,07:00,1.0,
17.05.2021,07:00,08:00,1.0,
17.05.2021,08:00,09:00,1.0,
17.05.2021,09:00,10:00,1.0,
17.05.2021,10:00,11:00,1.0,
17.05.2021,11:00,12:00,0.0,
17.05.2021,12:00,13:00,0.0,
17.05.2021,13:00,14:00,0.0,
17.05.2021,14:00,15:00,0.0,
17.05.2021,15:00,16:00,0.0,
17.05.2021,16:00,17:00,0.0,
17.05.2021,17:00,18:00,1.0,
17.05.2021,18:00,19:00,1.0,
17.05.2021,19:00,20:00,1.0,
17.05.2021,20:00,21:00,1.0,
17.05.2021,21:00,22:00,1.0,
17.05.2021,22:00,23:00,1.0,
17.05.2021,23:00,00:00,1.0,
18.05.2021,00:00,01:00,1.0,
18.05.2021,01:00,02:00,1.0,
18.05.2021,02:00,03:00,1.0,
18.05.2021,03:00,04:00,1.0,
18.05.2021,04:00,05:00,1.0,
18.05.2021,05:00,06:00,1.0,
18.05.2021,06:00,07:00,1.0,
18.05.2021,07:00,08:00,1.0,
18.05.2021,08:00,09:00,1.0,
18.05.2021,09:00,10:00,1.0,
18.05.2021,10:00,11:00,1.0,
18.05.2021,11:00,12:00,1.0,
18.05.2021,12:00,13:00,1.0,
18.05.2021,13:00,14:00,1.0,
18.05.2021,14:00,15:00,1.0,
18.05.2021,15:00,16:00,1.0,
18.05.2021,16:00,17:00,1.0,
18.05.2021,17:00,18:00,1.0,
18.05.2021,18:00,19:00,1.0,
18.05.2021,19:00,20:00,1.0,
18.05.2021,20:00,21:00,1.0,
18.05.2021,21:00,22:00,1.0,
18.05.2021,22:00,23:00,1.0,
18.05.2021,23:00,00:00,1.0,
19.05.2021,00:00,01:00,,
19.05.2021,01:00,02:00,,
19.05.2021,02:00,03:00,,
19.05.2021,03:00,04:00,,
19.05.2021,04:00,05:00,,
19.05.2021,05:00,06:00,,
19.05.2021,06:00,07:00,,
19.05.2021,07:00,08:00,,
19.05.2021,08:00,09:00,,
19.05.2021,09:00,10:00,,
19.05.2021,10:00,11:00,,
19.05.2021,11:00,12:00,,
19.05.2021,12:00,13:00,,
19.05.2021,13:00,14:00,,
19.05.2021,14:00,15:00,,
19.05.2021,15:00,16:00,,
19.05.2021,16:00,17:00,,
19.05.2021,17:00,18:00,,
19.05.2021,18:00,19:00,,
19.05.2021,19:00,20:00,,
19.05.2021,20:00,21:00,,
19.05.2021,21:00,22:00,,
19.05.2021,22:00,23:00,,
19.05.2021,23:00,00:00,,
20.05.2021,00:00,01:00,1.0,
20.05.2021,01:00,02:00,1.0,
20.05.2021,02:00,03:00,1.0,
20.05.2021,03:00,04:00,1.0,
20.05.2021,04:00,05:00,1.0,
20.05.2021,05:00,06:00,1.0,
20.05.2021,06:00,07:00,1.0,
20.05.2021,07:00,08:00,1.0,
20.05.2021,08:00,09:00,1.0,
20.05.2021,09:00,10:00,1.0,
20.05.2021,10:00,11:00,1.0,
20.05.2021,11:00,12:00,1.0,
20.05.2021,12:00,13:00,1.0,
20.05.2021,13:00,14:00,1.0,
20.05.2021,14:00,15:00,1.0,
20.05.2021,15:00,16:00,1.0,
20.05.2021,16:00,17:00,1.0,
20.05.2021,17:00,18:00,1.0,
20.05.2021,18:00,19:00,1.0,
20.05.2021,19:00,20:00,1.0,
20.05.2021,20:00,21:00,1.0,
20.05.2021,21:00,22:00,1.0,
20.05.2021,22:00,23:00,1.0,
20.05.2021,23:00,00:00,1.0,
21.05.2021,00:00,01:00,1.0,
21.05.2021,01:00,02:00,1.0,
21.05.2021,02:00,03:00,1.0,
21.05.2021,03:00,04:00,1.0,
21.05.2021,04:00,05:00,1.0,
21.05.2021,05:00,06:00,1.0,
21.05.2021,06:00,07:00,1.0,
21.05.2021,07:00,08:00,1.0,
21.05.2021,08:00,09:00,1.0,
21.05.2021,09:00,10:00,1.0,
21.05.2021,10:00,11:00,1.0,
21.05.2021,11:00,12:00,1.0,
21.05.2021,12:00,13:00,1.0,
21.05.2021,13:00,14:00,1.0,
21.05.2021,14:00,15:00,1.0,
21.05.2021,15:00,16:00,1.0,
21.05.2021,16:00,17:00,1.0,
21.05.2021,17:00,18:00,1.0,
21.05.2021,18:00,19:00,1.0,
21.05.2021,19:00,20:00,1.0,
21.05.2021,20:00,21:00,1.0,
21.05.2021,21:00,22:00,1.0,
21.05.2021,22:00,23:00,1.0,
21.05.2021,23:00,00:00,1.0,
22.05.2021,00:00,01:00,1.0,
22.05.2021,01:00,02:00,1.0,
22.05.2021,02:00,03:00,1.0,
22.05.2021,03:00,04:00,1.0,
22.05.2021,04:00,05:00,1.0,
22.05.2021,05:00,06:00,1.0,
22.05.2021,06:00,07:00,1.0,
22.05.2021,07:00,08:00,1.0,
22.05.2021,08:00,09:00,1.0,
22.05.2021,09:00,10:00,1.0,
22.05.2021,10:00,11:00,1.0,
22.05.2021,11:00,12:00,1.0,
22.05.2021,12:00,13:00,1.0,
22.05.2021,13:00,14:00,1.0,
22.05.2021,14:00,15:00,1.0,
22.05.2021,15:00,16:00,1.0,
22.05.2021,16:00,17:00,1.0,
22.05.2021,17:00,18:00,1.0,
22.05.2021,18:00,19:00,1.0,
22.05.2021,19:00,20:00,1.0,
22.05.2021,20:00,21:00,1.0,
22.05.2021,21:00,22:00,1.0,
22.05.2021,22:00,23:00,1.0,
22.05.2021,23:00,00:00,1.0,
23.05.2021,00:00,01:00,1.0,
23.05.2021,01:00,02:00,1.0,
23.05.2021,02:00,03:00,1.0,
23.05.2021,03:00,04:00,1.0,
23.05.2021,04:00,05:00,1.0,
23.05.2021,05:00,06:00,1.0,
23.05.2021,06:00,07:00,1.0,
23.05.2021,07:00,08:00,1.0,
23.05.2021,08:00,09:00,1.0,
23.05.2021,09:00,10:00,1.0,
23.05.2021,10:00,11:00,1.0,
23.05.2021,11:00,12:00,1.0,
23.05.2021,12:00,13:00,1.0,
23.05.2021,13:00,14:00,1.0,
23.05.2021,14:00,15:00,1.0,
23.05.2021,15:00,16:00,1.0,
23.05.2021,16:00,17:00,1.0,
23.05.2021,17:00,18:00,1.0,
23.05.2021,18:00,19:00,1.0,
23.05.2021,19:00,20:00,1.0,
23.05.2021,20:00,21:00,1.0,
23.05.2021,21:00,22:00,1.0,
23.05.2021,22:00,23:00,1.0,
23.05.2021,23:00,00:00,1.0,
24.05.2021,00:00,01:00,1.0,
24.05.2021,01:00,02:00,1.0,
24.05.2021,02:00,03:00,1.0,
24.05.2021,03:00,04:00,1.0,
24.05.2021,04:00,05:00,1.0,
24.05.2021,05:00,06:00,1.0,
24.05.2021,06:00,07:00,1.0,
24.05.2021,07:00,08:00,1.0,
24.05.2021,08:00,09:00,1.0,
24.05.2021,09:00,10:00,1.0,
24.05.2021,10:00,11:00,1.0,
24.05.2021,11:00,12:00,1.0,
24.05.2021,12:00,13:00,1.0,
24.05.2021,13:00,14:00,1.0,
24.05.2021,14:00,15:00,1.0,
24.05.2021,15:00,16:00,1.0,
24.05.2021,16:00,17:00,1.0,
24.05.2021,17:00,18:00,1.0,
24.05.2021,18:00,19:00,1.0,
24.05.2021,19:00,20:00,1.0,
24.05.2021,20:00,21:00,1.0,
24.05.2021,21:00,22:00,1.0,
24.05.2021,22:00,23:00,1.0,
24.05.2021,23:00,00:00,1.0,
25.05.2021,00:00,01:00,1.0,
25.05.2021,01:00,02:00,1.0,
25.05.2021,02:00,03:00,1.0,
25.05.2021,03:00,04:00,1.0,
25.05.2021,04:00,05:00,1.0,
25.05.2021,05:00,06:00,1.0,
25.05.2021,06:00,07:00,1.0,
25.05.2021,07:00,08:00,1.0,
25.05.2021,08:00,09:00,1.0,
25.05.2021,09:00,10:00,1.0,
25.05.2021,10:00,11:00,1.0,
25.05.2021,11:00,12:00,1.0,
25.05.2021,12:00,13:00,1.0,
25.05.2021,13:00,14:00,1.0,
25.05.2021,14:00,15:00,1.0,
25.05.2021,15:00,16:00,1.0,
25.05.2021,16:00,17:00,1.0,
25.05.2021,17:00,18:00,1.0,
25.05.2021,18:00,19:00,1.0,
25.05.2021,19:00,20:00,1.0,
25.05.2021,20:00,21:00,1.0,
25.05.2021,21:00,22:00,1.0,
25.05.2021,22:00,23:00,1.0,
25.05.2021,23:00,00:00,1.0,
26.05.2021,00:00,01:00,1.0,
26.05.2021,01:00,02:00,1.0,
26.05.2021,02:00,03:00,1.0,
26.05.2021,03:00,04:00,1.0,
26.05.2021,04:00,05:00,1.0,
26.05.2021,05:00,06:00,1.0,
26.05.2021,06:00,07:00,1.0,
26.05.2021,07:00,08:00,1.0,
26.05.2021,08:00,09:00,1.0,
26.05.2021,09:00,10:00,1.0,
26.05.2021,10:00,11:00,1.0,
26.05.2021,11:00,12:00,1.0,
26.05.2021,12:00,13:00,1.0,
26.05.2021,13:00,14:00,1.0,
26.05.2021,14:00,15:00,1.0,
26.05.2021,15:00,16:00,1.0,
26.05.2021,16:00,17:00,1.0,
26.05.2021,17:00,18:00,1.0,
26.05.2021,18:00,19:00,1.0,
26.05.2021,19:00,20:00,1.0,
26.05.2021,20:00,21:00,1.0,
26.05.2021,21:00,22:00,1.0,
26.05.2021,22:00,23:00,1.0,
26.05.2021,23:00,00:00,1.0,
27.05.2021,00:00,01:00,1.0,
27.05.2021,01:00,02:00,1.0,
27.05.2021,02:00,03:00,1.0,
27.05.2021,03:00,04:00,1.0,
27.05.2021,04:00,05:00,1.0,
27.05.2021,05:00,06:00,0.0,
27.05.2021,06:00,07:00,1.0,
27.05.2021,07:00,08:00,1.0,
27.05.2021,08:00,09:00,1.0,
27.05.2021,09:00,10:00,1.0,
27.05.2021,10:00,11:00,1.0,
27.05.2021,11:00,12:00,1.0,
27.05.2021,12:00,13:00,1.0,
27.05.2021,13:00,14:00,0.0,
27.05.2021,14:00,15:00,0.0,
27.05.2021,15:00,16:00,0.0,
27.05.2021,16:00,17:00,1.0,
27.05.2021,17:00,18:00,1.0,
27.05.2021,18:00,19:00,0.0,
27.05.2021,19:00,20:00,0.0,
27.05.2021,20:00,21:00,1.0,
27.05.2021,21:00,22:00,1.0,
27.05.2021,22:00,23:00,0.0,
27.05.2021,23:00,00:00,0.0,
28.05.2021,00:00,01:00,0.0,
28.05.2021,01:00,02:00,1.0,
28.05.2021,02:00,03:00,0.0,
28.05.2021,03:00,04:00,0.0,
28.05.2021,04:00,05:00,1.0,
28.05.2021,05:00,06:00,1.0,
28.05.2021,06:00,07:00,1.0,
28.05.2021,07:00,08:00,1.0,
28.05.2021,08:00,09:00,1.0,
28.05.2021,09:00,10:00,1.0,
28.05.2021,10:00,11:00,1.0,
28.05.2021,11:00,12:00,0.0,
28.05.2021,12:00,13:00,1.0,
28.05.2021,13:00,14:00,1.0,
28.05.2021,14:00,15:00,0.0,
28.05.2021,15:00,16:00,0.0,
28.05.2021,16:00,17:00,0.0,
28.05.2021,17:00,18:00,0.0,
28.05.2021,18:00,19:00,0.0,
28.05.2021,19:00,20:00,1.0,
28.05.2021,20:00,21:00,1.0,
28.05.2021,21:00,22:00,1.0,
28.05.2021,22:00,23:00,1.0,
28.05.2021,23:00,00:00,1.0,
29.05.2021,00:00,01:00,1.0,
29.05.2021,01:00,02:00,1.0,
29.05.2021,02:00,03:00,1.0,
29.05.2021,03:00,04:00,1.0,
29.05.2021,04:00,05:00,1.0,
29.05.2021,05:00,06:00,1.0,
29.05.2021,06:00,07:00,1.0,
29.05.2021,07:00,08:00,1.0,
29.05.2021,08:00,09:00,1.0,
29.05.2021,09:00,10:00,1.0,
29.05.2021,10:00,11:00,1.0,
29.05.2021,11:00,12:00,1.0,
29.05.2021,12:00,13:00,1.0,
29.05.2021,13:00,14:00,1.0,
29.05.2021,14:00,15:00,1.0,
29.05.2021,15:00,16:00,1.0,
29.05.2021,16:00,17:00,1.0,
29.05.2021,17:00,18:00,1.0,
29.05.2021,18:00,19:00,1.0,
29.05.2021,19:00,20:00,1.0,
29.05.2021,20:00,21:00,1.0,
29.05.2021,21:00,22:00,1.0,
29.05.2021,22:00,23:00,1.0,
29.05.2021,23:00,00:00,1.0,
30.05.2021,00:00,01:00,1.0,
30.05.2021,01:00,02:00,1.0,
30.05.2021,02:00,03:00,1.0,
30.05.2021,03:00,04:00,1.0,
30.05.2021,04:00,05:00,1.0,
30.05.2021,05:00,06:00,1.0,
30.05.2021,06:00,07:00,1.0,
30.05.2021,07:00,08:00,1.0,
30.05.2021,08:00,09:00,1.0,
30.05.2021,09:00,10:00,1.0,
30.05.2021,10:00,11:00,1.0,
30.05.2021,11:00,12:00,1.0,
30.05.2021,12:00,13:00,1.0,
30.05.2021,13:00,14:00,1.0,
30.05.2021,14:00,15:00,1.0,
30.05.2021,15:00,16:00,1.0,
30.05.2021,16:00,17:00,1.0,
30.05.2021,17:00,18:00,1.0,
30.05.2021,18:00,19:00,1.0,
30.05.2021,19:00,20:00,1.0,
30.05.2021,20:00,21:00,1.0,
30.05.2021,21:00,22:00,1.0,
30.05.2021,22:00,23:00,1.0,
30.05.2021,23:00,00:00,1.0,
31.05.2021,00:00,01:00,1.0,
31.05.2021,01:00,02:00,1.0,
31.05.2021,02:00,03:00,1.0,
31.05.2021,03:00,04:00,1.0,
31.05.2021,04:00,05:00,1.0,
31.05.2021,05:00,06:00,1.0,
31.05.2021,06:00,07:00,1.0,
31.05.2021,07:00,08:00,1.0,
31.05.2021,08:00,09:00,1.0,
31.05.2021,09:00,10:00,1.0,
31.05.2021,10:00,11:00,1.0,
31.05.2021,11:00,12:00,1.0,
31.05.2021,12:00,13:00,1.0,
31.05.2021,13:00,14:00,1.0,
31.05.2021,14:00,15:00,1.0,
31.05.2021,15:00,16:00,1.0,
31.05.2021,16:00,17:00,1.0,
31.05.2021,17:00,18:00,1.0,
31.05.2021,18:00,19:00,1.0,
31.05.2021,19:00,20:00,1.0,
31.05.2021,20:00,21:00,1.0,
31.05.2021,21:00,22:00,1.0,
31.05.2021,22:00,23:00,1.0,
31.05.2021,23:00,00:00,1.0,
01.06.2021,00:00,01:00,1.0,
01.06.2021,01:00,02:00,1.0,
01.06.2021,02:00,03:00,1.0,
01.06.2021,03:00,04:00,1.0,
01.06.2021,04:00,05:00,1.0,
01.06.2021,05:00,06:00,1.0,
01.06.2021,06:00,07:00,1.0,
01.06.2021,07:00,08:00,1.0,
01.06.2021,08:00,09:00,1.0,
01.06.2021,09:00,10:00,1.0,
01.06.2021,10:00,11:00,1.0,
01.06.2021,11:00,12:00,1.0,
01.06.2021,12:00,13:00,1.0,
01.06.2021,13:00,14:00,1.0,
01.06.2021,14:00,15:00,1.0,
01.06.2021,15:00,16:00,1.0,
01.06.2021,16:00,17:00,1.0,
01.06.2021,17:00,18:00,1.0,
01.06.2021,18:00,19:00,1.0,
01.06.2021,19:00,20:00,1.0,
01.06.2021,20:00,21:00,1.0,
01.06.2021,21:00,22:00,1.0,
01.06.2021,22:00,23:00,1.0,
01.06.2021,23:00,00:00,1.0,
02.06.2021,00:00,01:00,1.0,
02.06.2021,01:00,02:00,1.0,
02.06.2021,02:00,03:00,1.0,
02.06.2021,03:00,04:00,1.0,
02.06.2021,04:00,05:00,1.0,
02.06.2021,05:00,06:00,1.0,
02.06.2021,06:00,07:00,1.0,
02.06.2021,07:00,08:00,1.0,
02.06.2021,08:00,09:00,1.0,
02.06.2021,09:00,10:00,1.0,
02.06.2021,10:00,11:00,1.0,
02.06.2021,11:00,12:00,1.0,
02.06.2021,12:00,13:00,1.0,
02.06.2021,13:00,14:00,1.0,
02.06.2021,14:00,15:00,1.0,
02.06.2021,15:00,16:00,1.0,
02.06.2021,16:00,17:00,1.0,
02.06.2021,17:00,18:00,1.0,
02.06.2021,18:00,19:00,1.0,
02.06.2021,19:00,20:00,1.0,
02.06.2021,20:00,21:00,1.0,
02.06.2021,21:00,22:00,1.0,
02.06.2021,22:00,23:00,1.0,
02.06.2021,23:00,00:00,1.0,
03.06.2021,00:00,01:00,1.0,
03.06.2021,01:00,02:00,1.0,
03.06.2021,02:00,03:00,1.0,
03.06.2021,03:00,04:00,1.0,
03.06.2021,04:00,05:00,1.0,
03.06.2021,05:00,06:00,1.0,
03.06.2021,06:00,07:00,1.0,
03.06.2021,07:00,08:00,1.0,
03.06.2021,08:00,09:00,1.0,
03.06.2021,09:00,10:00,1.0,
03.06.2021,10:00,11:00,1.0,
03.06.2021,11:00,12:00,1.0,
03.06.2021,12:00,13:00,1.0,
03.06.2021,13:00,14:00,1.0,
03.06.2021,14:00,15:00,1.0,
03.06.2021,15:00,16:00,1.0,
03.06.2021,16:00,17:00,1.0,
03.06.2021,17:00,18:00,1.0,
03.06.2021,18:00,19:00,1.0,
03.06.2021,19:00,20:00,1.0,
03.06.2021,20:00,21:00,1.0,
03.06.2021,21:00,22:00,1.0,
03.06.2021,22:00,23:00,1.0,
03.06.2021,23:00,00:00,1.0,
04.06.2021,00:00,01:00,1.0,
04.06.2021,01:00,02:00,1.0,
04.06.2021,02:00,03:00,1.0,
04.06.2021,03:00,04:00,1.0,
04.06.2021,04:00,05:00,1.0,
04.06.2021,05:00,06:00,1.0,
04.06.2021,06:00,07:00,1.0,
04.06.2021,07:00,08:00,1.0,
04.06.2021,08:00,09:00,1.0,
04.06.2021,09:00,10:00,1.0,
04.06.2021,10:00,11:00,1.0,
04.06.2021,11:00,12:00,1.0,
04.06.2021,12:00,13:00,1.0,
04.06.2021,13:00,14:00,1.0,
04.06.2021,14:00,15:00,1.0,
04.06.2021,15:00,16:00,1.0,
04.06.2021,16:00,17:00,1.0,
04.06.2021,17:00,18:00,1.0,
04.06.2021,18:00,19:00,1.0,
04.06.2021,19:00,20:00,1.0,
04.06.2021,20:00,21:00,1.0,
04.06.2021,21:00,22:00,1.0,
04.06.2021,22:00,23:00,1.0,
04.06.2021,23:00,00:00,1.0,
05.06.2021,00:00,01:00,1.0,
05.06.2021,01:00,02:00,1.0,
05.06.2021,02:00,03:00,1.0,
05.06.2021,03:00,04:00,1.0,
05.06.2021,04:00,05:00,1.0,
05.06.2021,05:00,06:00,1.0,
05.06.2021,06:00,07:00,1.0,
05.06.2021,07:00,08:00,1.0,
05.06.2021,08:00,09:00,1.0,
05.06.2021,09:00,10:00,1.0,
05.06.2021,10:00,11:00,1.0,
05.06.2021,11:00,12:00,1.0,
05.06.2021,12:00,13:00,1.0,
05.06.2021,13:00,14:00,1.0,
05.06.2021,14:00,15:00,1.0,
05.06.2021,15:00,16:00,1.0,
05.06.2021,16:00,17:00,1.0,
05.06.2021,17:00,18:00,1.0,
05.06.2021,18:00,19:00,1.0,
05.06.2021,19:00,20:00,1.0,
05.06.2021,20:00,21:00,1.0,
05.06.2021,21:00,22:00,1.0,
05.06.2021,22:00,23:00,1.0,
05.06.2021,23:00,00:00,1.0,
06.06.2021,00:00,01:00,1.0,
06.06.2021,01:00,02:00,1.0,
06.06.2021,02:00,03:00,1.0,
06.06.2021,03:00,04:00,1.0,
06.06.2021,04:00,05:00,1.0,
06.06.2021,05:00,06:00,1.0,
06.06.2021,06:00,07:00,1.0,
06.06.2021,07:00,08:00,1.0,
06.06.2021,08:00,09:00,1.0,
06.06.2021,09:00,10:00,1.0,
06.06.2021,10:00,11:00,1.0,
06.06.2021,11:00,12:00,1.0,
06.06.2021,12:00,13:00,1.0,
06.06.2021,13:00,14:00,1.0,
06.06.2021,14:00,15:00,1.0,
06.06.2021,15:00,16:00,1.0,
06.06.2021,16:00,17:00,1.0,
06.06.2021,17:00,18:00,1.0,
06.06.2021,18:00,19:00,1.0,
06.06.2021,19:00,20:00,1.0,
06.06.2021,20:00,21:00,1.0,
06.06.2021,21:00,22:00,1.0,
06.06.2021,22:00,23:00,1.0,
06.06.2021,23:00,00:00,1.0,
07.06.2021,00:00,01:00,1.0,
07.06.2021,01:00,02:00,1.0,
07.06.2021,02:00,03:00,1.0,
07.06.2021,03:00,04:00,1.0,
07.06.2021,04:00,05:00,1.0,
07.06.2021,05:00,06:00,1.0,
07.06.2021,06:00,07:00,1.0,
07.06.2021,07:00,08:00,1.0,
07.06.2021,08:00,09:00,1.0,
07.06.2021,09:00,10:00,1.0,
07.06.2021,10:00,11:00,1.0,
07.06.2021,11:00,12:00,1.0,
07.06.2021,12:00,13:00,1.0,
07.06.2021,13:00,14:00,1.0,
07.06.2021,14:00,15:00,1.0,
07.06.2021,15:00,16:00,1.0,
07.06.2021,16:00,17:00,1.0,
07.06.2021,17:00,18:00,1.0,
07.06.2021,18:00,19:00,1.0,
07.06.2021,19:00,20:00,1.0,
07.06.2021,20:00,21:00,1.0,
07.06.2021,21:00,22:00,1.0,
07.06.2021,22:00,23:00,1.0,
07.06.2021,23:00,00:00,1.0,
08.06.2021,00:00,01:00,1.0,
08.06.2021,01:00,02:00,1.0,
08.06.2021,02:00,03:00,1.0,
08.06.2021,03:00,04:00,1.0,
08.06.2021,04:00,05:00,1.0,
08.06.2021,05:00,06:00,1.0,
08.06.2021,06:00,07:00,1.0,
08.06.2021,07:00,08:00,1.0,
08.06.2021,08:00,09:00,1.0,
08.06.2021,09:00,10:00,1.0,
08.06.2021,10:00,11:00,1.0,
08.06.2021,11:00,12:00,1.0,
08.06.2021,12:00,13:00,1.0,
08.06.2021,13:00,14:00,1.0,
08.06.2021,14:00,15:00,1.0,
08.06.2021,15:00,16:00,1.0,
08.06.2021,16:00,17:00,1.0,
08.06.2021,17:00,18:00,1.0,
08.06.2021,18:00,19:00,1.0,
08.06.2021,19:00,20:00,1.0,
08.06.2021,20:00,21:00,1.0,
08.06.2021,21:00,22:00,1.0,
08.06.2021,22:00,23:00,1.0,
08.06.2021,23:00,00:00,1.0,
09.06.2021,00:00,01:00,1.0,
09.06.2021,01:00,02:00,1.0,
09.06.2021,02:00,03:00,1.0,
09.06.2021,03:00,04:00,1.0,
09.06.2021,04:00,05:00,1.0,
09.06.2021,05:00,06:00,1.0,
09.06.2021,06:00,07:00,1.0,
09.06.2021,07:00,08:00,1.0,
09.06.2021,08:00,09:00,1.0,
09.06.2021,09:00,10:00,1.0,
09.06.2021,10:00,11:00,1.0,
09.06.2021,11:00,12:00,1.0,
09.06.2021,12:00,13:00,1.0,
09.06.2021,13:00,14:00,1.0,
09.06.2021,14:00,15:00,1.0,
09.06.2021,15:00,16:00,1.0,
09.06.2021,16:00,17:00,1.0,
09.06.2021,17:00,18:00,1.0,
09.06.2021,18:00,19:00,1.0,
09.06.2021,19:00,20:00,1.0,
09.06.2021,20:00,21:00,1.0,
09.06.2021,21:00,22:00,1.0,
09.06.2021,22:00,23:00,1.0,
09.06.2021,23:00,00:00,1.0,
10.06.2021,00:00,01:00,1.0,
10.06.2021,01:00,02:00,1.0,
10.06.2021,02:00,03:00,1.0,
10.06.2021,03:00,04:00,1.0,
10.06.2021,04:00,05:00,1.0,
10.06.2021,05:00,06:00,1.0,
10.06.2021,06:00,07:00,1.0,
10.06.2021,07:00,08:00,1.0,
10.06.2021,08:00,09:00,1.0,
10.06.2021,09:00,10:00,1.0,
10.06.2021,10:00,11:00,1.0,
10.06.2021,11:00,12:00,1.0,
10.06.2021,12:00,13:00,1.0,
10.06.2021,13:00,14:00,1.0,
10.06.2021,14:00,15:00,1.0,
10.06.2021,15:00,16:00,1.0,
10.06.2021,16:00,17:00,1.0,
10.06.2021,17:00,18:00,1.0,
10.06.2021,18:00,19:00,1.0,
10.06.2021,19:00,20:00,1.0,
10.06.2021,20:00,21:00,1.0,
10.06.2021,21:00,22:00,1.0,
10.06.2021,22:00,23:00,1.0,
10.06.2021,23:00,00:00,1.0,
11.06.2021,00:00,01:00,1.0,
11.06.2021,01:00,02:00,1.0,
11.06.2021,02:00,03:00,1.0,
11.06.2021,03:00,04:00,1.0,
11.06.2021,04:00,05:00,1.0,
11.06.2021,05:00,06:00,1.0,
11.06.2021,06:00,07:00,1.0,
11.06.2021,07:00,08:00,1.0,
11.06.2021,08:00,09:00,1.0,
11.06.2021,09:00,10:00,1.0,
11.06.2021,10:00,11:00,1.0,
11.06.2021,11:00,12:00,1.0,
11.06.2021,12:00,13:00,1.0,
11.06.2021,13:00,14:00,1.0,
11.06.2021,14:00,15:00,1.0,
11.06.2021,15:00,16:00,1.0,
11.06.2021,16:00,17:00,1.0,
11.06.2021,17:00,18:00,1.0,
11.06.2021,18:00,19:00,1.0,
11.06.2021,19:00,20:00,1.0,
11.06.2021,20:00,21:00,1.0,
11.06.2021,21:00,22:00,1.0,
11.06.2021,22:00,23:00,1.0,
11.06.2021,23:00,00:00,1.0,
12.06.2021,00:00,01:00,1.0,
12.06.2021,01:00,02:00,1.0,
12.06.2021,02:00,03:00,1.0,
12.06.2021,03:00,04:00,1.0,
12.06.2021,04:00,05:00,1.0,
12.06.2021,05:00,06:00,1.0,
12.06.2021,06:00,07:00,1.0,
12.06.2021,07:00,08:00,1.0,
12.06.2021,08:00,09:00,1.0,
12.06.2021,09:00,10:00,1.0,
12.06.2021,10:00,11:00,1.0,
12.06.2021,11:00,12:00,1.0,
12.06.2021,12:00,13:00,1.0,
12.06.2021,13:00,14:00,1.0,
12.06.2021,14:00,15:00,1.0,
12.06.2021,15:00,16:00,1.0,
12.06.2021,16:00,17:00,1.0,
12.06.2021,17:00,18:00,1.0,
12.06.2021,18:00,19:00,1.0,
12.06.2021,19:00,20:00,1.0,
12.06.2021,20:00,21:00,1.0,
12.06.2021,21:00,22:00,1.0,
12.06.2021,22:00,23:00,1.0,
12.06.2021,23:00,00:00,1.0,
13.06.2021,00:00,01:00,1.0,
13.06.2021,01:00,02:00,1.0,
13.06.2021,02:00,03:00,1.0,
13.06.2021,03:00,04:00,1.0,
13.06.2021,04:00,05:00,1.0,
13.06.2021,05:00,06:00,1.0,
13.06.2021,06:00,07:00,1.0,
13.06.2021,07:00,08:00,1.0,
13.06.2021,08:00,09:00,1.0,
13.06.2021,09:00,10:00,1.0,
13.06.2021,10:00,11:00,1.0,
13.06.2021,11:00,12:00,1.0,
13.06.2021,12:00,13:00,1.0,
13.06.2021,13:00,14:00,1.0,
13.06.2021,14:00,15:00,1.0,
13.06.2021,15:00,16:00,1.0,
13.06.2021,16:00,17:00,1.0,
13.06.2021,17:00,18:00,1.0,
13.06.2021,18:00,19:00,1.0,
13.06.2021,19:00,20:00,1.0,
13.06.2021,20:00,21:00,1.0,
13.06.2021,21:00,22:00,1.0,
13.06.2021,22:00,23:00,1.0,
13.06.2021,23:00,00:00,1.0,
14.06.2021,00:00,01:00,1.0,
14.06.2021,01:00,02:00,1.0,
14.06.2021,02:00,03:00,1.0,
14.06.2021,03:00,04:00,1.0,
14.06.2021,04:00,05:00,1.0,
14.06.2021,05:00,06:00,1.0,
14.06.2021,06:00,07:00,1.0,
14.06.2021,07:00,08:00,1.0,
14.06.2021,08:00,09:00,1.0,
14.06.2021,09:00,10:00,1.0,
14.06.2021,10:00,11:00,1.0,
14.06.2021,11:00,12:00,1.0,
14.06.2021,12:00,13:00,1.0,
14.06.2021,13:00,14:00,0.0,
14.06.2021,14:00,15:00,0.0,
14.06.2021,15:00,16:00,0.0,
14.06.2021,16:00,17:00,0.0,
14.06.2021,17:00,18:00,0.0,
14.06.2021,18:00,19:00,0.0,
14.06.2021,19:00,20:00,0.0,
14.06.2021,20:00,21:00,0.0,
14.06.2021,21:00,22:00,0.0,
14.06.2021,22:00,23:00,0.0,
14.06.2021,23:00,00:00,0.0,
15.06.2021,00:00,01:00,0.0,
15.06.2021,01:00,02:00,0.0,
15.06.2021,02:00,03:00,0.0,
15.06.2021,03:00,04:00,0.0,
15.06.2021,04:00,05:00,0.0,
15.06.2021,05:00,06:00,0.0,
15.06.2021,06:00,07:00,0.0,
15.06.2021,07:00,08:00,0.0,
15.06.2021,08:00,09:00,0.0,
15.06.2021,09:00,10:00,0.0,
15.06.2021,10:00,11:00,0.0,
15.06.2021,11:00,12:00,0.0,
15.06.2021,12:00,13:00,0.0,
15.06.2021,13:00,14:00,0.0,
15.06.2021,14:00,15:00,0.0,
15.06.2021,15:00,16:00,0.0,
15.06.2021,16:00,17:00,0.0,
15.06.2021,17:00,18:00,0.0,
15.06.2021,18:00,19:00,0.0,
15.06.2021,19:00,20:00,0.0,
15.06.2021,20:00,21:00,0.0,
15.06.2021,21:00,22:00,0.0,
15.06.2021,22:00,23:00,0.0,
15.06.2021,23:00,00:00,0.0,
16.06.2021,00:00,01:00,0.0,
16.06.2021,01:00,02:00,0.0,
16.06.2021,02:00,03:00,0.0,
16.06.2021,03:00,04:00,0.0,
16.06.2021,04:00,05:00,0.0,
16.06.2021,05:00,06:00,0.0,
16.06.2021,06:00,07:00,0.0,
16.06.2021,07:00,08:00,0.0,
16.06.2021,08:00,09:00,0.0,
16.06.2021,09:00,10:00,0.0,
16.06.2021,10:00,11:00,0.0,
16.06.2021,11:00,12:00,0.0,
16.06.2021,12:00,13:00,0.0,
16.06.2021,13:00,14:00,0.0,
16.06.2021,14:00,15:00,0.0,
16.06.2021,15:00,16:00,0.0,
16.06.2021,16:00,17:00,0.0,
16.06.2021,17:00,18:00,0.0,
16.06.2021,18:00,19:00,0.0,
16.06.2021,19:00,20:00,0.0,
16.06.2021,20:00,21:00,0.0,
16.06.2021,21:00,22:00,0.0,
16.06.2021,22:00,23:00,0.0,
16.06.2021,23:00,00:00,0.0,
17.06.2021,00:00,01:00,0.0,
17.06.2021,01:00,02:00,0.0,
17.06.2021,02:00,03:00,0.0,
17.06.2021,03:00,04:00,0.0,
17.06.2021,04:00,05:00,0.0,
17.06.2021,05:00,06:00,0.0,
17.06.2021,06:00,07:00,0.0,
17.06.2021,07:00,08:00,0.0,
17.06.2021,08:00,09:00,0.0,
17.06.2021,09:00,10:00,0.0,
17.06.2021,10:00,11:00,0.0,
17.06.2021,11:00,12:00,0.0,
17.06.2021,12:00,13:00,0.0,
17.06.2021,13:00,14:00,0.0,
17.06.2021,14:00,15:00,0.0,
17.06.2021,15:00,16:00,0.0,
17.06.2021,16:00,17:00,0.0,
17.06.2021,17:00,18:00,0.0,
17.06.2021,18:00,19:00,0.0,
17.06.2021,19:00,20:00,0.0,
17.06.2021,20:00,21:00,0.0,
17.06.2021,21:00,22:00,0.0,
17.06.2021,22:00,23:00,0.0,
17.06.2021,23:00,00:00,0.0,
18.06.2021,00:00,01:00,0.0,
18.06.2021,01:00,02:00,0.0,
18.06.2021,02:00,03:00,0.0,
18.06.2021,03:00,04:00,0.0,
18.06.2021,04:00,05:00,0.0,
18.06.2021,05:00,06:00,0.0,
18.06.2021,06:00,07:00,0.0,
18.06.2021,07:00,08:00,0.0,
18.06.2021,08:00,09:00,0.0,
18.06.2021,09:00,10:00,0.0,
18.06.2021,10:00,11:00,0.0,
18.06.2021,11:00,12:00,0.0,
18.06.2021,12:00,13:00,0.0,
18.06.2021,13:00,14:00,0.0,
18.06.2021,14:00,15:00,0.0,
18.06.2021,15:00,16:00,0.0,
18.06.2021,16:00,17:00,0.0,
18.06.2021,17:00,18:00,0.0,
18.06.2021,18:00,19:00,0.0,
18.06.2021,19:00,20:00,0.0,
18.06.2021,20:00,21:00,0.0,
18.06.2021,21:00,22:00,0.0,
18.06.2021,22:00,23:00,0.0,
18.06.2021,23:00,00:00,0.0,
19.06.2021,00:00,01:00,0.0,
19.06.2021,01:00,02:00,0.0,
19.06.2021,02:00,03:00,0.0,
19.06.2021,03:00,04:00,0.0,
19.06.2021,04:00,05:00,0.0,
19.06.2021,05:00,06:00,0.0,
19.06.2021,06:00,07:00,0.0,
19.06.2021,07:00,08:00,0.0,
19.06.2021,08:00,09:00,0.0,
19.06.2021,09:00,10:00,0.0,
19.06.2021,10:00,11:00,0.0,
19.06.2021,11:00,12:00,0.0,
19.06.2021,12:00,13:00,0.0,
19.06.2021,13:00,14:00,0.0,
19.06.2021,14:00,15:00,0.0,
19.06.2021,15:00,16:00,0.0,
19.06.2021,16:00,17:00,0.0,
19.06.2021,17:00,18:00,0.0,
19.06.2021,18:00,19:00,0.0,
19.06.2021,19:00,20:00,0.0,
19.06.2021,20:00,21:00,0.0,
19.06.2021,21:00,22:00,0.0,
19.06.2021,22:00,23:00,0.0,
19.06.2021,23:00,00:00,0.0,
20.06.2021,00:00,01:00,0.0,
20.06.2021,01:00,02:00,0.0,
20.06.2021,02:00,03:00,0.0,
20.06.2021,03:00,04:00,0.0,
20.06.2021,04:00,05:00,0.0,
20.06.2021,05:00,06:00,0.0,
20.06.2021,06:00,07:00,0.0,
20.06.2021,07:00,08:00,0.0,
20.06.2021,08:00,09:00,0.0,
20.06.2021,09:00,10:00,0.0,
20.06.2021,10:00,11:00,0.0,
20.06.2021,11:00,12:00,0.0,
20.06.2021,12:00,13:00,0.0,
20.06.2021,13:00,14:00,0.0,
20.06.2021,14:00,15:00,0.0,
20.06.2021,15:00,16:00,0.0,
20.06.2021,16:00,17:00,0.0,
20.06.2021,17:00,18:00,0.0,
20.06.2021,18:00,19:00,0.0,
20.06.2021,19:00,20:00,0.0,
20.06.2021,20:00,21:00,0.0,
20.06.2021,21:00,22:00,0.0,
20.06.2021,22:00,23:00,0.0,
20.06.2021,23:00,00:00,0.0,
21.06.2021,00:00,01:00,0.0,
21.06.2021,01:00,02:00,0.0,
21.06.2021,02:00,03:00,0.0,
21.06.2021,03:00,04:00,0.0,
21.06.2021,04:00,05:00,0.0,
21.06.2021,05:00,06:00,0.0,
21.06.2021,06:00,07:00,0.0,
21.06.2021,07:00,08:00,0.0,
21.06.2021,08:00,09:00,0.0,
21.06.2021,09:00,10:00,0.0,
21.06.2021,10:00,11:00,0.0,
21.06.2021,11:00,12:00,0.0,
21.06.2021,12:00,13:00,0.0,
21.06.2021,13:00,14:00,0.0,
21.06.2021,14:00,15:00,0.0,
21.06.2021,15:00,16:00,0.0,
21.06.2021,16:00,17:00,0.0,
21.06.2021,17:00,18:00,0.0,
21.06.2021,18:00,19:00,0.0,
21.06.2021,19:00,20:00,0.0,
21.06.2021,20:00,21:00,0.0,
21.06.2021,21:00,22:00,0.0,
21.06.2021,22:00,23:00,0.0,
21.06.2021,23:00,00:00,0.0,
22.06.2021,00:00,01:00,0.0,
22.06.2021,01:00,02:00,0.0,
22.06.2021,02:00,03:00,0.0,
22.06.2021,03:00,04:00,0.0,
22.06.2021,04:00,05:00,0.0,
22.06.2021,05:00,06:00,0.0,
22.06.2021,06:00,07:00,0.0,
22.06.2021,07:00,08:00,0.0,
22.06.2021,08:00,09:00,0.0,
22.06.2021,09:00,10:00,0.0,
22.06.2021,10:00,11:00,0.0,
22.06.2021,11:00,12:00,0.0,
22.06.2021,12:00,13:00,0.0,
22.06.2021,13:00,14:00,0.0,
22.06.2021,14:00,15:00,0.0,
22.06.2021,15:00,16:00,0.0,
22.06.2021,16:00,17:00,0.0,
22.06.2021,17:00,18:00,0.0,
22.06.2021,18:00,19:00,0.0,
22.06.2021,19:00,20:00,0.0,
22.06.2021,20:00,21:00,0.0,
22.06.2021,21:00,22:00,0.0,
22.06.2021,22:00,23:00,0.0,
22.06.2021,23:00,00:00,0.0,
23.06.2021,00:00,01:00,0.0,
23.06.2021,01:00,02:00,0.0,
23.06.2021,02:00,03:00,0.0,
23.06.2021,03:00,04:00,0.0,
23.06.2021,04:00,05:00,0.0,
23.06.2021,05:00,06:00,0.0,
23.06.2021,06:00,07:00,0.0,
23.06.2021,07:00,08:00,0.0,
23.06.2021,08:00,09:00,0.0,
23.06.2021,09:00,10:00,0.0,
23.06.2021,10:00,11:00,0.0,
23.06.2021,11:00,12:00,0.0,
23.06.2021,12:00,13:00,0.0,
23.06.2021,13:00,14:00,0.0,
23.06.2021,14:00,15:00,0.0,
23.06.2021,15:00,16:00,0.0,
23.06.2021,16:00,17:00,0.0,
23.06.2021,17:00,18:00,0.0,
23.06.2021,18:00,19:00,0.0,
23.06.2021,19:00,20:00,0.0,
23.06.2021,20:00,21:00,0.0,
23.06.2021,21:00,22:00,0.0,
23.06.2021,22:00,23:00,0.0,
23.06.2021,23:00,00:00,0.0,
24.06.2021,00:00,01:00,0.0,
24.06.2021,01:00,02:00,0.0,
24.06.2021,02:00,03:00,0.0,
24.06.2021,03:00,04:00,0.0,
24.06.2021,04:00,05:00,0.0,
24.06.2021,05:00,06:00,0.0,
24.06.2021,06:00,07:00,0.0,
24.06.2021,07:00,08:00,0.0,
24.06.2021,08:00,09:00,0.0,
24.06.2021,09:00,10:00,0.0,
24.06.2021,10:00,11:00,0.0,
24.06.2021,11:00,12:00,0.0,
24.06.2021,12:00,13:00,0.0,
24.06.2021,13:00,14:00,0.0,
24.06.2021,14:00,15:00,0.0,
24.06.2021,15:00,16:00,0.0,
24.06.2021,16:00,17:00,0.0,
24.06.2021,17:00,18:00,0.0,
24.06.2021,18:00,19:00,0.0,
24.06.2021,19:00,20:00,0.0,
24.06.2021,20:00,21:00,0.0,
24.06.2021,21:00,22:00,0.0,
24.06.2021,22:00,23:00,0.0,
24.06.2021,23:00,00:00,0.0,
25.06.2021,00:00,01:00,0.0,
25.06.2021,01:00,02:00,0.0,
25.06.2021,02:00,03:00,0.0,
25.06.2021,03:00,04:00,0.0,
25.06.2021,04:00,05:00,0.0,
25.06.2021,05:00,06:00,0.0,
25.06.2021,06:00,07:00,0.0,
25.06.2021,07:00,08:00,0.0,
25.06.2021,08:00,09:00,0.0,
25.06.2021,09:00,10:00,0.0,
25.06.2021,10:00,11:00,0.0,
25.06.2021,11:00,12:00,0.0,
25.06.2021,12:00,13:00,0.0,
25.06.2021,13:00,14:00,0.0,
25.06.2021,14:00,15:00,0.0,
25.06.2021,15:00,16:00,0.0,
25.06.2021,16:00,17:00,0.0,
25.06.2021,17:00,18:00,0.0,
25.06.2021,18:00,19:00,0.0,
25.06.2021,19:00,20:00,0.0,
25.06.2021,20:00,21:00,0.0,
25.06.2021,21:00,22:00,0.0,
25.06.2021,22:00,23:00,0.0,
25.06.2021,23:00,00:00,0.0,
26.06.2021,00:00,01:00,0.0,
26.06.2021,01:00,02:00,0.0,
26.06.2021,02:00,03:00,0.0,
26.06.2021,03:00,04:00,0.0,
26.06.2021,04:00,05:00,0.0,
26.06.2021,05:00,06:00,0.0,
26.06.2021,06:00,07:00,0.0,
26.06.2021,07:00,08:00,0.0,
26.06.2021,08:00,09:00,0.0,
26.06.2021,09:00,10:00,0.0,
26.06.2021,10:00,11:00,0.0,
26.06.2021,11:00,12:00,0.0,
26.06.2021,12:00,13:00,0.0,
26.06.2021,13:00,14:00,0.0,
26.06.2021,14:00,15:00,0.0,
26.06.2021,15:00,16:00,0.0,
26.06.2021,16:00,17:00,0.0,
26.06.2021,17:00,18:00,0.0,
26.06.2021,18:00,19:00,0.0,
26.06.2021,19:00,20:00,0.0,
26.06.2021,20:00,21:00,0.0,
26.06.2021,21:00,22:00,0.0,
26.06.2021,22:00,23:00,0.0,
26.06.2021,23:00,00:00,0.0,
27.06.2021,00:00,01:00,0.0,
27.06.2021,01:00,02:00,0.0,
27.06.2021,02:00,03:00,0.0,
27.06.2021,03:00,04:00,0.0,
27.06.2021,04:00,05:00,0.0,
27.06.2021,05:00,06:00,0.0,
27.06.2021,06:00,07:00,0.0,
27.06.2021,07:00,08:00,0.0,
27.06.2021,08:00,09:00,0.0,
27.06.2021,09:00,10:00,0.0,
27.06.2021,10:00,11:00,0.0,
27.06.2021,11:00,12:00,0.0,
27.06.2021,12:00,13:00,0.0,
27.06.2021,13:00,14:00,0.0,
27.06.2021,14:00,15:00,0.0,
27.06.2021,15:00,16:00,0.0,
27.06.2021,16:00,17:00,0.0,
27.06.2021,17:00,18:00,0.0,
27.06.2021,18:00,19:00,0.0,
27.06.2021,19:00,20:00,0.0,
27.06.2021,20:00,21:00,0.0,
27.06.2021,21:00,22:00,0.0,
27.06.2021,22:00,23:00,0.0,
27.06.2021,23:00,00:00,0.0,
28.06.2021,00:00,01:00,0.0,
28.06.2021,01:00,02:00,0.0,
28.06.2021,02:00,03:00,0.0,
28.06.2021,03:00,04:00,0.0,
28.06.2021,04:00,05:00,0.0,
28.06.2021,05:00,06:00,0.0,
28.06.2021,06:00,07:00,0.0,
28.06.2021,07:00,08:00,0.0,
28.06.2021,08:00,09:00,0.0,
28.06.2021,09:00,10:00,0.0,
28.06.2021,10:00,11:00,0.0,
28.06.2021,11:00,12:00,0.0,
28.06.2021,12:00,13:00,0.0,
28.06.2021,13:00,14:00,0.0,
28.06.2021,14:00,15:00,0.0,
28.06.2021,15:00,16:00,0.0,
28.06.2021,16:00,17:00,0.0,
28.06.2021,17:00,18:00,0.0,
28.06.2021,18:00,19:00,0.0,
28.06.2021,19:00,20:00,0.0,
28.06.2021,20:00,21:00,0.0,
28.06.2021,21:00,22:00,0.0,
28.06.2021,22:00,23:00,0.0,
28.06.2021,23:00,00:00,0.0,
29.06.2021,00:00,01:00,0.0,
29.06.2021,01:00,02:00,0.0,
29.06.2021,02:00,03:00,0.0,
29.06.2021,03:00,04:00,0.0,
29.06.2021,04:00,05:00,0.0,
29.06.2021,05:00,06:00,0.0,
29.06.2021,06:00,07:00,0.0,
29.06.2021,07:00,08:00,0.0,
29.06.2021,08:00,09:00,0.0,
29.06.2021,09:00,10:00,0.0,
29.06.2021,10:00,11:00,0.0,
29.06.2021,11:00,12:00,0.0,
29.06.2021,12:00,13:00,0.0,
29.06.2021,13:00,14:00,0.0,
29.06.2021,14:00,15:00,0.0,
29.06.2021,15:00,16:00,0.0,
29.06.2021,16:00,17:00,0.0,
29.06.2021,17:00,18:00,0.0,
29.06.2021,18:00,19:00,0.0,
29.06.2021,19:00,20:00,0.0,
29.06.2021,20:00,21:00,0.0,
29.06.2021,21:00,22:00,0.0,
29.06.2021,22:00,23:00,0.0,
29.06.2021,23:00,00:00,0.0,
30.06.2021,00:00,01:00,0.0,
30.06.2021,01:00,02:00,0.0,
30.06.2021,02:00,03:00,0.0,
30.06.2021,03:00,04:00,0.0,
30.06.2021,04:00,05:00,0.0,
30.06.2021,05:00,06:00,0.0,
30.06.2021,06:00,07:00,0.0,
30.06.2021,07:00,08:00,0.0,
30.06.2021,08:00,09:00,0.0,
30.06.2021,09:00,10:00,0.0,
30.06.2021,10:00,11:00,0.0,
30.06.2021,11:00,12:00,0.0,
30.06.2021,12:00,13:00,0.0,
30.06.2021,13:00,14:00,0.0,
30.06.2021,14:00,15:00,0.0,
30.06.2021,15:00,16:00,0.0,
30.06.2021,16:00,17:00,0.0,
30.06.2021,17:00,18:00,0.0,
30.06.2021,18:00,19:00,0.0,
30.06.2021,19:00,20:00,0.0,
30.06.2021,20:00,21:00,0.0,
30.06.2021,21:00,22:00,0.0,
30.06.2021,22:00,23:00,0.0,
30.06.2021,23:00,00:00,0.0,
01.07.2021,00:00,01:00,0.0,
01.07.2021,01:00,02:00,0.0,
01.07.2021,02:00,03:00,0.0,
01.07.2021,03:00,04:00,0.0,
01.07.2021,04:00,05:00,0.0,
01.07.2021,05:00,06:00,0.0,
01.07.2021,06:00,07:00,0.0,
01.07.2021,07:00,08:00,0.0,
01.07.2021,08:00,09:00,0.0,
01.07.2021,09:00,10:00,0.0,
01.07.2021,10:00,11:00,0.0,
01.07.2021,11:00,12:00,0.0,
01.07.2021,12:00,13:00,0.0,
01.07.2021,13:00,14:00,0.0,
01.07.2021,14:00,15:00,0.0,
01.07.2021,15:00,16:00,0.0,
01.07.2021,16:00,17:00,0.0,
01.07.2021,17:00,18:00,0.0,
01.07.2021,18:00,19:00,0.0,
01.07.2021,19:00,20:00,0.0,
01.07.2021,20:00,21:00,0.0,
01.07.2021,21:00,22:00,0.0,
01.07.2021,22:00,23:00,0.0,
01.07.2021,23:00,00:00,0.0,
02.07.2021,00:00,01:00,0.0,
02.07.2021,01:00,02:00,0.0,
02.07.2021,02:00,03:00,0.0,
02.07.2021,03:00,04:00,0.0,
02.07.2021,04:00,05:00,0.0,
02.07.2021,05:00,06:00,0.0,
02.07.2021,06:00,07:00,0.0,
02.07.2021,07:00,08:00,0.0,
02.07.2021,08:00,09:00,0.0,
02.07.2021,09:00,10:00,0.0,
02.07.2021,10:00,11:00,0.0,
02.07.2021,11:00,12:00,0.0,
02.07.2021,12:00,13:00,0.0,
02.07.2021,13:00,14:00,0.0,
02.07.2021,14:00,15:00,0.0,
02.07.2021,15:00,16:00,0.0,
02.07.2021,16:00,17:00,0.0,
02.07.2021,17:00,18:00,0.0,
02.07.2021,18:00,19:00,0.0,
02.07.2021,19:00,20:00,0.0,
02.07.2021,20:00,21:00,0.0,
02.07.2021,21:00,22:00,0.0,
02.07.2021,22:00,23:00,0.0,
02.07.2021,23:00,00:00,0.0,
03.07.2021,00:00,01:00,0.0,
03.07.2021,01:00,02:00,0.0,
03.07.2021,02:00,03:00,0.0,
03.07.2021,03:00,04:00,0.0,
03.07.2021,04:00,05:00,0.0,
03.07.2021,05:00,06:00,0.0,
03.07.2021,06:00,07:00,0.0,
03.07.2021,07:00,08:00,0.0,
03.07.2021,08:00,09:00,0.0,
03.07.2021,09:00,10:00,0.0,
03.07.2021,10:00,11:00,0.0,
03.07.2021,11:00,12:00,0.0,
03.07.2021,12:00,13:00,0.0,
03.07.2021,13:00,14:00,0.0,
03.07.2021,14:00,15:00,0.0,
03.07.2021,15:00,16:00,0.0,
03.07.2021,16:00,17:00,0.0,
03.07.2021,17:00,18:00,0.0,
03.07.2021,18:00,19:00,0.0,
03.07.2021,19:00,20:00,0.0,
03.07.2021,20:00,21:00,0.0,
03.07.2021,21:00,22:00,0.0,
03.07.2021,22:00,23:00,0.0,
03.07.2021,23:00,00:00,0.0,
04.07.2021,00:00,01:00,0.0,
04.07.2021,01:00,02:00,0.0,
04.07.2021,02:00,03:00,0.0,
04.07.2021,03:00,04:00,0.0,
04.07.2021,04:00,05:00,0.0,
04.07.2021,05:00,06:00,0.0,
04.07.2021,06:00,07:00,0.0,
04.07.2021,07:00,08:00,0.0,
04.07.2021,08:00,09:00,0.0,
04.07.2021,09:00,10:00,0.0,
04.07.2021,10:00,11:00,0.0,
04.07.2021,11:00,12:00,0.0,
04.07.2021,12:00,13:00,0.0,
04.07.2021,13:00,14:00,0.0,
04.07.2021,14:00,15:00,0.0,
04.07.2021,15:00,16:00,0.0,
04.07.2021,16:00,17:00,0.0,
04.07.2021,17:00,18:00,0.0,
04.07.2021,18:00,19:00,0.0,
04.07.2021,19:00,20:00,0.0,
04.07.2021,20:00,21:00,0.0,
04.07.2021,21:00,22:00,0.0,
04.07.2021,22:00,23:00,0.0,
04.07.2021,23:00,00:00,0.0,
05.07.2021,00:00,01:00,,
05.07.2021,01:00,02:00,,
05.07.2021,02:00,03:00,,
05.07.2021,03:00,04:00,,
05.07.2021,04:00,05:00,,
05.07.2021,05:00,06:00,,
05.07.2021,06:00,07:00,,
05.07.2021,07:00,08:00,,
05.07.2021,08:00,09:00,,
05.07.2021,09:00,10:00,,
05.07.2021,10:00,11:00,,
05.07.2021,11:00,12:00,,
05.07.2021,12:00,13:00,,
05.07.2021,13:00,14:00,,
05.07.2021,14:00,15:00,,
05.07.2021,15:00,16:00,,
05.07.2021,16:00,17:00,,
05.07.2021,17:00,18:00,,
05.07.2021,18:00,19:00,,
05.07.2021,19:00,20:00,,
05.07.2021,20:00,21:00,,
05.07.2021,21:00,22:00,,
05.07.2021,22:00,23:00,,
05.07.2021,23:00,00:00,,
06.07.2021,00:00,01:00,,
06.07.2021,01:00,02:00,,
06.07.2021,02:00,03:00,,
06.07.2021,03:00,04:00,,
06.07.2021,04:00,05:00,,
06.07.2021,05:00,06:00,,
06.07.2021,06:00,07:00,,
06.07.2021,07:00,08:00,,
06.07.2021,08:00,09:00,,
06.07.2021,09:00,10:00,,
06.07.2021,10:00,11:00,,
06.07.2021,11:00,12:00,,
06.07.2021,12:00,13:00,,
06.07.2021,13:00,14:00,,
06.07.2021,14:00,15:00,,
06.07.2021,15:00,16:00,,
06.07.2021,16:00,17:00,,
06.07.2021,17:00,18:00,,
06.07.2021,18:00,19:00,,
06.07.2021,19:00,20:00,,
06.07.2021,20:00,21:00,,
06.07.2021,21:00,22:00,,
06.07.2021,22:00,23:00,,
06.07.2021,23:00,00:00,,
07.07.2021,00:00,01:00,0.0,
07.07.2021,01:00,02:00,0.0,
07.07.2021,02:00,03:00,0.0,
07.07.2021,03:00,04:00,0.0,
07.07.2021,04:00,05:00,0.0,
07.07.2021,05:00,06:00,0.0,
07.07.2021,06:00,07:00,0.0,
07.07.2021,07:00,08:00,0.0,
07.07.2021,08:00,09:00,0.0,
07.07.2021,09:00,10:00,0.0,
07.07.2021,10:00,11:00,4.0,
07.07.2021,11:00,12:00,43.0,
07.07.2021,12:00,13:00,94.0,
07.07.2021,13:00,14:00,96.0,
07.07.2021,14:00,15:00,96.0,
07.07.2021,15:00,16:00,67.0,
07.07.2021,16:00,17:00,45.0,
07.07.2021,17:00,18:00,67.0,
07.07.2021,18:00,19:00,5.0,
07.07.2021,19:00,20:00,0.0,
07.07.2021,20:00,21:00,0.0,
07.07.2021,21:00,22:00,0.0,
07.07.2021,22:00,23:00,0.0,
07.07.2021,23:00,00:00,0.0,
08.07.2021,00:00,01:00,0.0,
08.07.2021,01:00,02:00,0.0,
08.07.2021,02:00,03:00,0.0,
08.07.2021,03:00,04:00,0.0,
08.07.2021,04:00,05:00,0.0,
08.07.2021,05:00,06:00,0.0,
08.07.2021,06:00,07:00,0.0,
08.07.2021,07:00,08:00,13.0,
08.07.2021,08:00,09:00,0.0,
08.07.2021,09:00,10:00,89.0,
08.07.2021,10:00,11:00,137.0,
08.07.2021,11:00,12:00,190.0,
08.07.2021,12:00,13:00,247.0,
08.07.2021,13:00,14:00,382.0,
08.07.2021,14:00,15:00,364.0,
08.07.2021,15:00,16:00,1.0,
08.07.2021,16:00,17:00,0.0,
08.07.2021,17:00,18:00,0.0,
08.07.2021,18:00,19:00,0.0,
08.07.2021,19:00,20:00,0.0,
08.07.2021,20:00,21:00,0.0,
08.07.2021,21:00,22:00,0.0,
08.07.2021,22:00,23:00,0.0,
08.07.2021,23:00,00:00,0.0,
09.07.2021,00:00,01:00,0.0,
09.07.2021,01:00,02:00,0.0,
09.07.2021,02:00,03:00,0.0,
09.07.2021,03:00,04:00,0.0,
09.07.2021,04:00,05:00,0.0,
09.07.2021,05:00,06:00,0.0,
09.07.2021,06:00,07:00,0.0,
09.07.2021,07:00,08:00,0.0,
09.07.2021,08:00,09:00,0.0,
09.07.2021,09:00,10:00,0.0,
09.07.2021,10:00,11:00,0.0,
09.07.2021,11:00,12:00,0.0,
09.07.2021,12:00,13:00,25.0,
09.07.2021,13:00,14:00,0.0,
09.07.2021,14:00,15:00,0.0,
09.07.2021,15:00,16:00,0.0,
09.07.2021,16:00,17:00,0.0,
09.07.2021,17:00,18:00,0.0,
09.07.2021,18:00,19:00,0.0,
09.07.2021,19:00,20:00,0.0,
09.07.2021,20:00,21:00,0.0,
09.07.2021,21:00,22:00,0.0,
09.07.2021,22:00,23:00,0.0,
09.07.2021,23:00,00:00,0.0,
10.07.2021,00:00,01:00,0.0,
10.07.2021,01:00,02:00,0.0,
10.07.2021,02:00,03:00,0.0,
10.07.2021,03:00,04:00,0.0,
10.07.2021,04:00,05:00,0.0,
10.07.2021,05:00,06:00,0.0,
10.07.2021,06:00,07:00,0.0,
10.07.2021,07:00,08:00,0.0,
10.07.2021,08:00,09:00,0.0,
10.07.2021,09:00,10:00,0.0,
10.07.2021,10:00,11:00,0.0,
10.07.2021,11:00,12:00,0.0,
10.07.2021,12:00,13:00,151.0,
10.07.2021,13:00,14:00,319.0,
10.07.2021,14:00,15:00,398.0,
10.07.2021,15:00,16:00,398.0,
10.07.2021,16:00,17:00,396.0,
10.07.2021,17:00,18:00,92.0,
10.07.2021,18:00,19:00,0.0,
10.07.2021,19:00,20:00,0.0,
10.07.2021,20:00,21:00,0.0,
10.07.2021,21:00,22:00,0.0,
10.07.2021,22:00,23:00,0.0,
10.07.2021,23:00,00:00,0.0,
11.07.2021,00:00,01:00,0.0,
11.07.2021,01:00,02:00,0.0,
11.07.2021,02:00,03:00,0.0,
11.07.2021,03:00,04:00,0.0,
11.07.2021,04:00,05:00,0.0,
11.07.2021,05:00,06:00,0.0,
11.07.2021,06:00,07:00,0.0,
11.07.2021,07:00,08:00,0.0,
11.07.2021,08:00,09:00,0.0,
11.07.2021,09:00,10:00,0.0,
11.07.2021,10:00,11:00,0.0,
11.07.2021,11:00,12:00,0.0,
11.07.2021,12:00,13:00,0.0,
11.07.2021,13:00,14:00,0.0,
11.07.2021,14:00,15:00,0.0,
11.07.2021,15:00,16:00,0.0,
11.07.2021,16:00,17:00,0.0,
11.07.2021,17:00,18:00,0.0,
11.07.2021,18:00,19:00,59.0,
11.07.2021,19:00,20:00,231.0,
11.07.2021,20:00,21:00,351.0,
11.07.2021,21:00,22:00,403.0,
11.07.2021,22:00,23:00,404.0,
11.07.2021,23:00,00:00,170.0,
12.07.2021,00:00,01:00,0.0,
12.07.2021,01:00,02:00,0.0,
12.07.2021,02:00,03:00,0.0,
12.07.2021,03:00,04:00,0.0,
12.07.2021,04:00,05:00,0.0,
12.07.2021,05:00,06:00,0.0,
12.07.2021,06:00,07:00,253.0,
12.07.2021,07:00,08:00,403.0,
12.07.2021,08:00,09:00,412.0,
12.07.2021,09:00,10:00,411.0,
12.07.2021,10:00,11:00,414.0,
12.07.2021,11:00,12:00,402.0,
12.07.2021,12:00,13:00,397.0,
12.07.2021,13:00,14:00,393.0,
12.07.2021,14:00,15:00,391.0,
12.07.2021,15:00,16:00,387.0,
12.07.2021,16:00,17:00,393.0,
12.07.2021,17:00,18:00,387.0,
12.07.2021,18:00,19:00,393.0,
12.07.2021,19:00,20:00,394.0,
12.07.2021,20:00,21:00,396.0,
12.07.2021,21:00,22:00,400.0,
12.07.2021,22:00,23:00,402.0,
12.07.2021,23:00,00:00,407.0,
13.07.2021,00:00,01:00,294.0,
13.07.2021,01:00,02:00,0.0,
13.07.2021,02:00,03:00,0.0,
13.07.2021,03:00,04:00,0.0,
13.07.2021,04:00,05:00,0.0,
13.07.2021,05:00,06:00,0.0,
13.07.2021,06:00,07:00,254.0,
13.07.2021,07:00,08:00,403.0,
13.07.2021,08:00,09:00,400.0,
13.07.2021,09:00,10:00,399.0,
13.07.2021,10:00,11:00,395.0,
13.07.2021,11:00,12:00,394.0,
13.07.2021,12:00,13:00,393.0,
13.07.2021,13:00,14:00,390.0,
13.07.2021,14:00,15:00,385.0,
13.07.2021,15:00,16:00,386.0,
13.07.2021,16:00,17:00,371.0,
13.07.2021,17:00,18:00,388.0,
13.07.2021,18:00,19:00,389.0,
13.07.2021,19:00,20:00,391.0,
13.07.2021,20:00,21:00,395.0,
13.07.2021,21:00,22:00,398.0,
13.07.2021,22:00,23:00,397.0,
13.07.2021,23:00,00:00,402.0,
14.07.2021,00:00,01:00,,
14.07.2021,01:00,02:00,,
14.07.2021,02:00,03:00,,
14.07.2021,03:00,04:00,,
14.07.2021,04:00,05:00,,
14.07.2021,05:00,06:00,,
14.07.2021,06:00,07:00,,
14.07.2021,07:00,08:00,,
14.07.2021,08:00,09:00,,
14.07.2021,09:00,10:00,,
14.07.2021,10:00,11:00,,
14.07.2021,11:00,12:00,,
14.07.2021,12:00,13:00,,
14.07.2021,13:00,14:00,,
14.07.2021,14:00,15:00,,
14.07.2021,15:00,16:00,,
14.07.2021,16:00,17:00,,
14.07.2021,17:00,18:00,,
14.07.2021,18:00,19:00,,
14.07.2021,19:00,20:00,,
14.07.2021,20:00,21:00,,
14.07.2021,21:00,22:00,,
14.07.2021,22:00,23:00,,
14.07.2021,23:00,00:00,,
15.07.2021,00:00,01:00,,
15.07.2021,01:00,02:00,,
15.07.2021,02:00,03:00,,
15.07.2021,03:00,04:00,,
15.07.2021,04:00,05:00,,
15.07.2021,05:00,06:00,,
15.07.2021,06:00,07:00,,
15.07.2021,07:00,08:00,,
15.07.2021,08:00,09:00,,
15.07.2021,09:00,10:00,,
15.07.2021,10:00,11:00,,
15.07.2021,11:00,12:00,,
15.07.2021,12:00,13:00,,
15.07.2021,13:00,14:00,,
15.07.2021,14:00,15:00,,
15.07.2021,15:00,16:00,,
15.07.2021,16:00,17:00,,
15.07.2021,17:00,18:00,,
15.07.2021,18:00,19:00,,
15.07.2021,19:00,20:00,,
15.07.2021,20:00,21:00,,
15.07.2021,21:00,22:00,,
15.07.2021,22:00,23:00,,
15.07.2021,23:00,00:00,,
16.07.2021,00:00,01:00,0.0,
16.07.2021,01:00,02:00,0.0,
16.07.2021,02:00,03:00,0.0,
16.07.2021,03:00,04:00,0.0,
16.07.2021,04:00,05:00,0.0,
16.07.2021,05:00,06:00,5.0,
16.07.2021,06:00,07:00,353.0,
16.07.2021,07:00,08:00,412.0,
16.07.2021,08:00,09:00,413.0,
16.07.2021,09:00,10:00,391.0,
16.07.2021,10:00,11:00,412.0,
16.07.2021,11:00,12:00,413.0,
16.07.2021,12:00,13:00,411.0,
16.07.2021,13:00,14:00,359.0,
16.07.2021,14:00,15:00,360.0,
16.07.2021,15:00,16:00,293.0,
16.07.2021,16:00,17:00,274.0,
16.07.2021,17:00,18:00,367.0,
16.07.2021,18:00,19:00,355.0,
16.07.2021,19:00,20:00,402.0,
16.07.2021,20:00,21:00,405.0,
16.07.2021,21:00,22:00,411.0,
16.07.2021,22:00,23:00,404.0,
16.07.2021,23:00,00:00,295.0,
17.07.2021,00:00,01:00,0.0,
17.07.2021,01:00,02:00,0.0,
17.07.2021,02:00,03:00,0.0,
17.07.2021,03:00,04:00,0.0,
17.07.2021,04:00,05:00,0.0,
17.07.2021,05:00,06:00,0.0,
17.07.2021,06:00,07:00,0.0,
17.07.2021,07:00,08:00,0.0,
17.07.2021,08:00,09:00,0.0,
17.07.2021,09:00,10:00,0.0,
17.07.2021,10:00,11:00,0.0,
17.07.2021,11:00,12:00,0.0,
17.07.2021,12:00,13:00,0.0,
17.07.2021,13:00,14:00,0.0,
17.07.2021,14:00,15:00,0.0,
17.07.2021,15:00,16:00,0.0,
17.07.2021,16:00,17:00,0.0,
17.07.2021,17:00,18:00,0.0,
17.07.2021,18:00,19:00,0.0,
17.07.2021,19:00,20:00,0.0,
17.07.2021,20:00,21:00,0.0,
17.07.2021,21:00,22:00,0.0,
17.07.2021,22:00,23:00,0.0,
17.07.2021,23:00,00:00,0.0,
18.07.2021,00:00,01:00,0.0,
18.07.2021,01:00,02:00,0.0,
18.07.2021,02:00,03:00,0.0,
18.07.2021,03:00,04:00,0.0,
18.07.2021,04:00,05:00,0.0,
18.07.2021,05:00,06:00,0.0,
18.07.2021,06:00,07:00,0.0,
18.07.2021,07:00,08:00,0.0,
18.07.2021,08:00,09:00,0.0,
18.07.2021,09:00,10:00,0.0,
18.07.2021,10:00,11:00,0.0,
18.07.2021,11:00,12:00,0.0,
18.07.2021,12:00,13:00,0.0,
18.07.2021,13:00,14:00,0.0,
18.07.2021,14:00,15:00,0.0,
18.07.2021,15:00,16:00,0.0,
18.07.2021,16:00,17:00,0.0,
18.07.2021,17:00,18:00,0.0,
18.07.2021,18:00,19:00,0.0,
18.07.2021,19:00,20:00,0.0,
18.07.2021,20:00,21:00,0.0,
18.07.2021,21:00,22:00,0.0,
18.07.2021,22:00,23:00,0.0,
18.07.2021,23:00,00:00,0.0,
19.07.2021,00:00,01:00,0.0,
19.07.2021,01:00,02:00,0.0,
19.07.2021,02:00,03:00,0.0,
19.07.2021,03:00,04:00,0.0,
19.07.2021,04:00,05:00,0.0,
19.07.2021,05:00,06:00,0.0,
19.07.2021,06:00,07:00,0.0,
19.07.2021,07:00,08:00,0.0,
19.07.2021,08:00,09:00,0.0,
19.07.2021,09:00,10:00,0.0,
19.07.2021,10:00,11:00,0.0,
19.07.2021,11:00,12:00,0.0,
19.07.2021,12:00,13:00,0.0,
19.07.2021,13:00,14:00,0.0,
19.07.2021,14:00,15:00,0.0,
19.07.2021,15:00,16:00,0.0,
19.07.2021,16:00,17:00,0.0,
19.07.2021,17:00,18:00,0.0,
19.07.2021,18:00,19:00,0.0,
19.07.2021,19:00,20:00,0.0,
19.07.2021,20:00,21:00,0.0,
19.07.2021,21:00,22:00,0.0,
19.07.2021,22:00,23:00,0.0,
19.07.2021,23:00,00:00,0.0,
20.07.2021,00:00,01:00,0.0,
20.07.2021,01:00,02:00,0.0,
20.07.2021,02:00,03:00,0.0,
20.07.2021,03:00,04:00,0.0,
20.07.2021,04:00,05:00,0.0,
20.07.2021,05:00,06:00,122.0,
20.07.2021,06:00,07:00,241.0,
20.07.2021,07:00,08:00,351.0,
20.07.2021,08:00,09:00,399.0,
20.07.2021,09:00,10:00,340.0,
20.07.2021,10:00,11:00,374.0,
20.07.2021,11:00,12:00,410.0,
20.07.2021,12:00,13:00,388.0,
20.07.2021,13:00,14:00,262.0,
20.07.2021,14:00,15:00,237.0,
20.07.2021,15:00,16:00,251.0,
20.07.2021,16:00,17:00,276.0,
20.07.2021,17:00,18:00,363.0,
20.07.2021,18:00,19:00,375.0,
20.07.2021,19:00,20:00,392.0,
20.07.2021,20:00,21:00,398.0,
20.07.2021,21:00,22:00,406.0,
20.07.2021,22:00,23:00,412.0,
20.07.2021,23:00,00:00,408.0,
21.07.2021,00:00,01:00,357.0,
21.07.2021,01:00,02:00,387.0,
21.07.2021,02:00,03:00,278.0,
21.07.2021,03:00,04:00,238.0,
21.07.2021,04:00,05:00,247.0,
21.07.2021,05:00,06:00,376.0,
21.07.2021,06:00,07:00,390.0,
21.07.2021,07:00,08:00,421.0,
21.07.2021,08:00,09:00,421.0,
21.07.2021,09:00,10:00,410.0,
21.07.2021,10:00,11:00,402.0,
21.07.2021,11:00,12:00,373.0,
21.07.2021,12:00,13:00,379.0,
21.07.2021,13:00,14:00,299.0,
21.07.2021,14:00,15:00,227.0,
21.07.2021,15:00,16:00,257.0,
21.07.2021,16:00,17:00,346.0,
21.07.2021,17:00,18:00,358.0,
21.07.2021,18:00,19:00,372.0,
21.07.2021,19:00,20:00,398.0,
21.07.2021,20:00,21:00,401.0,
21.07.2021,21:00,22:00,405.0,
21.07.2021,22:00,23:00,410.0,
21.07.2021,23:00,00:00,412.0,
22.07.2021,00:00,01:00,379.0,
22.07.2021,01:00,02:00,400.0,
22.07.2021,02:00,03:00,374.0,
22.07.2021,03:00,04:00,289.0,
22.07.2021,04:00,05:00,245.0,
22.07.2021,05:00,06:00,391.0,
22.07.2021,06:00,07:00,413.0,
22.07.2021,07:00,08:00,420.0,
22.07.2021,08:00,09:00,418.0,
22.07.2021,09:00,10:00,414.0,
22.07.2021,10:00,11:00,404.0,
22.07.2021,11:00,12:00,404.0,
22.07.2021,12:00,13:00,391.0,
22.07.2021,13:00,14:00,356.0,
22.07.2021,14:00,15:00,298.0,
22.07.2021,15:00,16:00,279.0,
22.07.2021,16:00,17:00,366.0,
22.07.2021,17:00,18:00,369.0,
22.07.2021,18:00,19:00,363.0,
22.07.2021,19:00,20:00,388.0,
22.07.2021,20:00,21:00,392.0,
22.07.2021,21:00,22:00,397.0,
22.07.2021,22:00,23:00,400.0,
22.07.2021,23:00,00:00,395.0,
23.07.2021,00:00,01:00,396.0,
23.07.2021,01:00,02:00,381.0,
23.07.2021,02:00,03:00,234.0,
23.07.2021,03:00,04:00,214.0,
23.07.2021,04:00,05:00,256.0,
23.07.2021,05:00,06:00,354.0,
23.07.2021,06:00,07:00,389.0,
23.07.2021,07:00,08:00,415.0,
23.07.2021,08:00,09:00,416.0,
23.07.2021,09:00,10:00,412.0,
23.07.2021,10:00,11:00,405.0,
23.07.2021,11:00,12:00,379.0,
23.07.2021,12:00,13:00,275.0,
23.07.2021,13:00,14:00,253.0,
23.07.2021,14:00,15:00,213.0,
23.07.2021,15:00,16:00,213.0,
23.07.2021,16:00,17:00,245.0,
23.07.2021,17:00,18:00,309.0,
23.07.2021,18:00,19:00,338.0,
23.07.2021,19:00,20:00,352.0,
23.07.2021,20:00,21:00,378.0,
23.07.2021,21:00,22:00,374.0,
23.07.2021,22:00,23:00,374.0,
23.07.2021,23:00,00:00,357.0,
24.07.2021,00:00,01:00,90.0,
24.07.2021,01:00,02:00,0.0,
24.07.2021,02:00,03:00,0.0,
24.07.2021,03:00,04:00,0.0,
24.07.2021,04:00,05:00,0.0,
24.07.2021,05:00,06:00,0.0,
24.07.2021,06:00,07:00,0.0,
24.07.2021,07:00,08:00,0.0,
24.07.2021,08:00,09:00,0.0,
24.07.2021,09:00,10:00,0.0,
24.07.2021,10:00,11:00,0.0,
24.07.2021,11:00,12:00,0.0,
24.07.2021,12:00,13:00,0.0,
24.07.2021,13:00,14:00,0.0,
24.07.2021,14:00,15:00,0.0,
24.07.2021,15:00,16:00,0.0,
24.07.2021,16:00,17:00,0.0,
24.07.2021,17:00,18:00,0.0,
24.07.2021,18:00,19:00,0.0,
24.07.2021,19:00,20:00,0.0,
24.07.2021,20:00,21:00,0.0,
24.07.2021,21:00,22:00,0.0,
24.07.2021,22:00,23:00,0.0,
24.07.2021,23:00,00:00,0.0,
25.07.2021,00:00,01:00,0.0,
25.07.2021,01:00,02:00,0.0,
25.07.2021,02:00,03:00,0.0,
25.07.2021,03:00,04:00,0.0,
25.07.2021,04:00,05:00,0.0,
25.07.2021,05:00,06:00,0.0,
25.07.2021,06:00,07:00,0.0,
25.07.2021,07:00,08:00,0.0,
25.07.2021,08:00,09:00,0.0,
25.07.2021,09:00,10:00,0.0,
25.07.2021,10:00,11:00,0.0,
25.07.2021,11:00,12:00,0.0,
25.07.2021,12:00,13:00,0.0,
25.07.2021,13:00,14:00,0.0,
25.07.2021,14:00,15:00,0.0,
25.07.2021,15:00,16:00,0.0,
25.07.2021,16:00,17:00,0.0,
25.07.2021,17:00,18:00,0.0,
25.07.2021,18:00,19:00,0.0,
25.07.2021,19:00,20:00,0.0,
25.07.2021,20:00,21:00,0.0,
25.07.2021,21:00,22:00,0.0,
25.07.2021,22:00,23:00,0.0,
25.07.2021,23:00,00:00,0.0,
26.07.2021,00:00,01:00,0.0,
26.07.2021,01:00,02:00,0.0,
26.07.2021,02:00,03:00,0.0,
26.07.2021,03:00,04:00,0.0,
26.07.2021,04:00,05:00,0.0,
26.07.2021,05:00,06:00,0.0,
26.07.2021,06:00,07:00,144.0,
26.07.2021,07:00,08:00,244.0,
26.07.2021,08:00,09:00,0.0,
26.07.2021,09:00,10:00,0.0,
26.07.2021,10:00,11:00,0.0,
26.07.2021,11:00,12:00,0.0,
26.07.2021,12:00,13:00,0.0,
26.07.2021,13:00,14:00,0.0,
26.07.2021,14:00,15:00,0.0,
26.07.2021,15:00,16:00,0.0,
26.07.2021,16:00,17:00,0.0,
26.07.2021,17:00,18:00,0.0,
26.07.2021,18:00,19:00,0.0,
26.07.2021,19:00,20:00,0.0,
26.07.2021,20:00,21:00,0.0,
26.07.2021,21:00,22:00,0.0,
26.07.2021,22:00,23:00,0.0,
26.07.2021,23:00,00:00,0.0,
27.07.2021,00:00,01:00,0.0,
27.07.2021,01:00,02:00,0.0,
27.07.2021,02:00,03:00,0.0,
27.07.2021,03:00,04:00,0.0,
27.07.2021,04:00,05:00,0.0,
27.07.2021,05:00,06:00,0.0,
27.07.2021,06:00,07:00,0.0,
27.07.2021,07:00,08:00,0.0,
27.07.2021,08:00,09:00,0.0,
27.07.2021,09:00,10:00,0.0,
27.07.2021,10:00,11:00,0.0,
27.07.2021,11:00,12:00,0.0,
27.07.2021,12:00,13:00,0.0,
27.07.2021,13:00,14:00,0.0,
27.07.2021,14:00,15:00,0.0,
27.07.2021,15:00,16:00,0.0,
27.07.2021,16:00,17:00,0.0,
27.07.2021,17:00,18:00,0.0,
27.07.2021,18:00,19:00,0.0,
27.07.2021,19:00,20:00,0.0,
27.07.2021,20:00,21:00,0.0,
27.07.2021,21:00,22:00,0.0,
27.07.2021,22:00,23:00,0.0,
27.07.2021,23:00,00:00,0.0,
28.07.2021,00:00,01:00,0.0,
28.07.2021,01:00,02:00,0.0,
28.07.2021,02:00,03:00,0.0,
28.07.2021,03:00,04:00,0.0,
28.07.2021,04:00,05:00,0.0,
28.07.2021,05:00,06:00,0.0,
28.07.2021,06:00,07:00,0.0,
28.07.2021,07:00,08:00,0.0,
28.07.2021,08:00,09:00,0.0,
28.07.2021,09:00,10:00,0.0,
28.07.2021,10:00,11:00,0.0,
28.07.2021,11:00,12:00,0.0,
28.07.2021,12:00,13:00,0.0,
28.07.2021,13:00,14:00,0.0,
28.07.2021,14:00,15:00,0.0,
28.07.2021,15:00,16:00,0.0,
28.07.2021,16:00,17:00,0.0,
28.07.2021,17:00,18:00,0.0,
28.07.2021,18:00,19:00,0.0,
28.07.2021,19:00,20:00,0.0,
28.07.2021,20:00,21:00,0.0,
28.07.2021,21:00,22:00,0.0,
28.07.2021,22:00,23:00,0.0,
28.07.2021,23:00,00:00,0.0,
29.07.2021,00:00,01:00,0.0,
29.07.2021,01:00,02:00,0.0,
29.07.2021,02:00,03:00,0.0,
29.07.2021,03:00,04:00,0.0,
29.07.2021,04:00,05:00,0.0,
29.07.2021,05:00,06:00,0.0,
29.07.2021,06:00,07:00,0.0,
29.07.2021,07:00,08:00,0.0,
29.07.2021,08:00,09:00,0.0,
29.07.2021,09:00,10:00,0.0,
29.07.2021,10:00,11:00,0.0,
29.07.2021,11:00,12:00,0.0,
29.07.2021,12:00,13:00,0.0,
29.07.2021,13:00,14:00,0.0,
29.07.2021,14:00,15:00,0.0,
29.07.2021,15:00,16:00,0.0,
29.07.2021,16:00,17:00,0.0,
29.07.2021,17:00,18:00,0.0,
29.07.2021,18:00,19:00,0.0,
29.07.2021,19:00,20:00,0.0,
29.07.2021,20:00,21:00,0.0,
29.07.2021,21:00,22:00,0.0,
29.07.2021,22:00,23:00,0.0,
29.07.2021,23:00,00:00,0.0,
30.07.2021,00:00,01:00,0.0,
30.07.2021,01:00,02:00,0.0,
30.07.2021,02:00,03:00,0.0,
30.07.2021,03:00,04:00,0.0,
30.07.2021,04:00,05:00,0.0,
30.07.2021,05:00,06:00,0.0,
30.07.2021,06:00,07:00,0.0,
30.07.2021,07:00,08:00,0.0,
30.07.2021,08:00,09:00,0.0,
30.07.2021,09:00,10:00,0.0,
30.07.2021,10:00,11:00,0.0,
30.07.2021,11:00,12:00,0.0,
30.07.2021,12:00,13:00,0.0,
30.07.2021,13:00,14:00,0.0,
30.07.2021,14:00,15:00,0.0,
30.07.2021,15:00,16:00,0.0,
30.07.2021,16:00,17:00,0.0,
30.07.2021,17:00,18:00,0.0,
30.07.2021,18:00,19:00,0.0,
30.07.2021,19:00,20:00,0.0,
30.07.2021,20:00,21:00,0.0,
30.07.2021,21:00,22:00,0.0,
30.07.2021,22:00,23:00,0.0,
30.07.2021,23:00,00:00,0.0,
31.07.2021,00:00,01:00,,
31.07.2021,01:00,02:00,,
31.07.2021,02:00,03:00,,
31.07.2021,03:00,04:00,,
31.07.2021,04:00,05:00,,
31.07.2021,05:00,06:00,,
31.07.2021,06:00,07:00,,
31.07.2021,07:00,08:00,,
31.07.2021,08:00,09:00,,
31.07.2021,09:00,10:00,,
31.07.2021,10:00,11:00,,
31.07.2021,11:00,12:00,,
31.07.2021,12:00,13:00,,
31.07.2021,13:00,14:00,,
31.07.2021,14:00,15:00,,
31.07.2021,15:00,16:00,,
31.07.2021,16:00,17:00,,
31.07.2021,17:00,18:00,,
31.07.2021,18:00,19:00,,
31.07.2021,19:00,20:00,,
31.07.2021,20:00,21:00,,
31.07.2021,21:00,22:00,,
31.07.2021,22:00,23:00,,
31.07.2021,23:00,00:00,,
01.08.2021,00:00,01:00,0.0,
01.08.2021,01:00,02:00,0.0,
01.08.2021,02:00,03:00,0.0,
01.08.2021,03:00,04:00,0.0,
01.08.2021,04:00,05:00,0.0,
01.08.2021,05:00,06:00,0.0,
01.08.2021,06:00,07:00,0.0,
01.08.2021,07:00,08:00,0.0,
01.08.2021,08:00,09:00,0.0,
01.08.2021,09:00,10:00,0.0,
01.08.2021,10:00,11:00,0.0,
01.08.2021,11:00,12:00,0.0,
01.08.2021,12:00,13:00,0.0,
01.08.2021,13:00,14:00,0.0,
01.08.2021,14:00,15:00,0.0,
01.08.2021,15:00,16:00,0.0,
01.08.2021,16:00,17:00,0.0,
01.08.2021,17:00,18:00,0.0,
01.08.2021,18:00,19:00,0.0,
01.08.2021,19:00,20:00,0.0,
01.08.2021,20:00,21:00,0.0,
01.08.2021,21:00,22:00,0.0,
01.08.2021,22:00,23:00,0.0,
01.08.2021,23:00,00:00,0.0,
02.08.2021,00:00,01:00,0.0,
02.08.2021,01:00,02:00,0.0,
02.08.2021,02:00,03:00,0.0,
02.08.2021,03:00,04:00,0.0,
02.08.2021,04:00,05:00,0.0,
02.08.2021,05:00,06:00,0.0,
02.08.2021,06:00,07:00,0.0,
02.08.2021,07:00,08:00,0.0,
02.08.2021,08:00,09:00,0.0,
02.08.2021,09:00,10:00,0.0,
02.08.2021,10:00,11:00,0.0,
02.08.2021,11:00,12:00,0.0,
02.08.2021,12:00,13:00,0.0,
02.08.2021,13:00,14:00,0.0,
02.08.2021,14:00,15:00,0.0,
02.08.2021,15:00,16:00,0.0,
02.08.2021,16:00,17:00,0.0,
02.08.2021,17:00,18:00,0.0,
02.08.2021,18:00,19:00,0.0,
02.08.2021,19:00,20:00,0.0,
02.08.2021,20:00,21:00,0.0,
02.08.2021,21:00,22:00,0.0,
02.08.2021,22:00,23:00,0.0,
02.08.2021,23:00,00:00,0.0,
03.08.2021,00:00,01:00,0.0,
03.08.2021,01:00,02:00,0.0,
03.08.2021,02:00,03:00,0.0,
03.08.2021,03:00,04:00,0.0,
03.08.2021,04:00,05:00,0.0,
03.08.2021,05:00,06:00,0.0,
03.08.2021,06:00,07:00,0.0,
03.08.2021,07:00,08:00,0.0,
03.08.2021,08:00,09:00,0.0,
03.08.2021,09:00,10:00,0.0,
03.08.2021,10:00,11:00,0.0,
03.08.2021,11:00,12:00,0.0,
03.08.2021,12:00,13:00,0.0,
03.08.2021,13:00,14:00,0.0,
03.08.2021,14:00,15:00,0.0,
03.08.2021,15:00,16:00,0.0,
03.08.2021,16:00,17:00,0.0,
03.08.2021,17:00,18:00,0.0,
03.08.2021,18:00,19:00,0.0,
03.08.2021,19:00,20:00,0.0,
03.08.2021,20:00,21:00,0.0,
03.08.2021,21:00,22:00,0.0,
03.08.2021,22:00,23:00,0.0,
03.08.2021,23:00,00:00,0.0,
04.08.2021,00:00,01:00,0.0,
04.08.2021,01:00,02:00,0.0,
04.08.2021,02:00,03:00,0.0,
04.08.2021,03:00,04:00,0.0,
04.08.2021,04:00,05:00,0.0,
04.08.2021,05:00,06:00,0.0,
04.08.2021,06:00,07:00,0.0,
04.08.2021,07:00,08:00,0.0,
04.08.2021,08:00,09:00,0.0,
04.08.2021,09:00,10:00,0.0,
04.08.2021,10:00,11:00,0.0,
04.08.2021,11:00,12:00,0.0,
04.08.2021,12:00,13:00,0.0,
04.08.2021,13:00,14:00,0.0,
04.08.2021,14:00,15:00,0.0,
04.08.2021,15:00,16:00,0.0,
04.08.2021,16:00,17:00,0.0,
04.08.2021,17:00,18:00,0.0,
04.08.2021,18:00,19:00,0.0,
04.08.2021,19:00,20:00,0.0,
04.08.2021,20:00,21:00,0.0,
04.08.2021,21:00,22:00,0.0,
04.08.2021,22:00,23:00,0.0,
04.08.2021,23:00,00:00,0.0,
05.08.2021,00:00,01:00,0.0,
05.08.2021,01:00,02:00,0.0,
05.08.2021,02:00,03:00,0.0,
05.08.2021,03:00,04:00,0.0,
05.08.2021,04:00,05:00,0.0,
05.08.2021,05:00,06:00,0.0,
05.08.2021,06:00,07:00,0.0,
05.08.2021,07:00,08:00,0.0,
05.08.2021,08:00,09:00,0.0,
05.08.2021,09:00,10:00,0.0,
05.08.2021,10:00,11:00,0.0,
05.08.2021,11:00,12:00,0.0,
05.08.2021,12:00,13:00,0.0,
05.08.2021,13:00,14:00,0.0,
05.08.2021,14:00,15:00,0.0,
05.08.2021,15:00,16:00,0.0,
05.08.2021,16:00,17:00,0.0,
05.08.2021,17:00,18:00,0.0,
05.08.2021,18:00,19:00,0.0,
05.08.2021,19:00,20:00,0.0,
05.08.2021,20:00,21:00,0.0,
05.08.2021,21:00,22:00,0.0,
05.08.2021,22:00,23:00,0.0,
05.08.2021,23:00,00:00,0.0,
06.08.2021,00:00,01:00,0.0,
06.08.2021,01:00,02:00,0.0,
06.08.2021,02:00,03:00,0.0,
06.08.2021,03:00,04:00,0.0,
06.08.2021,04:00,05:00,0.0,
06.08.2021,05:00,06:00,0.0,
06.08.2021,06:00,07:00,0.0,
06.08.2021,07:00,08:00,0.0,
06.08.2021,08:00,09:00,0.0,
06.08.2021,09:00,10:00,0.0,
06.08.2021,10:00,11:00,0.0,
06.08.2021,11:00,12:00,0.0,
06.08.2021,12:00,13:00,0.0,
06.08.2021,13:00,14:00,0.0,
06.08.2021,14:00,15:00,0.0,
06.08.2021,15:00,16:00,0.0,
06.08.2021,16:00,17:00,0.0,
06.08.2021,17:00,18:00,0.0,
06.08.2021,18:00,19:00,0.0,
06.08.2021,19:00,20:00,0.0,
06.08.2021,20:00,21:00,0.0,
06.08.2021,21:00,22:00,0.0,
06.08.2021,22:00,23:00,0.0,
06.08.2021,23:00,00:00,0.0,
07.08.2021,00:00,01:00,0.0,
07.08.2021,01:00,02:00,0.0,
07.08.2021,02:00,03:00,0.0,
07.08.2021,03:00,04:00,0.0,
07.08.2021,04:00,05:00,0.0,
07.08.2021,05:00,06:00,0.0,
07.08.2021,06:00,07:00,0.0,
07.08.2021,07:00,08:00,0.0,
07.08.2021,08:00,09:00,0.0,
07.08.2021,09:00,10:00,0.0,
07.08.2021,10:00,11:00,0.0,
07.08.2021,11:00,12:00,0.0,
07.08.2021,12:00,13:00,0.0,
07.08.2021,13:00,14:00,0.0,
07.08.2021,14:00,15:00,0.0,
07.08.2021,15:00,16:00,0.0,
07.08.2021,16:00,17:00,0.0,
07.08.2021,17:00,18:00,0.0,
07.08.2021,18:00,19:00,0.0,
07.08.2021,19:00,20:00,0.0,
07.08.2021,20:00,21:00,0.0,
07.08.2021,21:00,22:00,0.0,
07.08.2021,22:00,23:00,0.0,
07.08.2021,23:00,00:00,0.0,
08.08.2021,00:00,01:00,0.0,
08.08.2021,01:00,02:00,0.0,
08.08.2021,02:00,03:00,0.0,
08.08.2021,03:00,04:00,0.0,
08.08.2021,04:00,05:00,0.0,
08.08.2021,05:00,06:00,0.0,
08.08.2021,06:00,07:00,0.0,
08.08.2021,07:00,08:00,0.0,
08.08.2021,08:00,09:00,0.0,
08.08.2021,09:00,10:00,0.0,
08.08.2021,10:00,11:00,0.0,
08.08.2021,11:00,12:00,0.0,
08.08.2021,12:00,13:00,0.0,
08.08.2021,13:00,14:00,0.0,
08.08.2021,14:00,15:00,0.0,
08.08.2021,15:00,16:00,0.0,
08.08.2021,16:00,17:00,0.0,
08.08.2021,17:00,18:00,0.0,
08.08.2021,18:00,19:00,0.0,
08.08.2021,19:00,20:00,0.0,
08.08.2021,20:00,21:00,0.0,
08.08.2021,21:00,22:00,0.0,
08.08.2021,22:00,23:00,0.0,
08.08.2021,23:00,00:00,0.0,
09.08.2021,00:00,01:00,0.0,
09.08.2021,01:00,02:00,0.0,
09.08.2021,02:00,03:00,0.0,
09.08.2021,03:00,04:00,0.0,
09.08.2021,04:00,05:00,0.0,
09.08.2021,05:00,06:00,0.0,
09.08.2021,06:00,07:00,0.0,
09.08.2021,07:00,08:00,0.0,
09.08.2021,08:00,09:00,0.0,
09.08.2021,09:00,10:00,0.0,
09.08.2021,10:00,11:00,0.0,
09.08.2021,11:00,12:00,0.0,
09.08.2021,12:00,13:00,0.0,
09.08.2021,13:00,14:00,0.0,
09.08.2021,14:00,15:00,0.0,
09.08.2021,15:00,16:00,0.0,
09.08.2021,16:00,17:00,0.0,
09.08.2021,17:00,18:00,0.0,
09.08.2021,18:00,19:00,0.0,
09.08.2021,19:00,20:00,0.0,
09.08.2021,20:00,21:00,0.0,
09.08.2021,21:00,22:00,0.0,
09.08.2021,22:00,23:00,0.0,
09.08.2021,23:00,00:00,0.0,
10.08.2021,00:00,01:00,0.0,
10.08.2021,01:00,02:00,0.0,
10.08.2021,02:00,03:00,0.0,
10.08.2021,03:00,04:00,0.0,
10.08.2021,04:00,05:00,0.0,
10.08.2021,05:00,06:00,0.0,
10.08.2021,06:00,07:00,0.0,
10.08.2021,07:00,08:00,0.0,
10.08.2021,08:00,09:00,0.0,
10.08.2021,09:00,10:00,0.0,
10.08.2021,10:00,11:00,0.0,
10.08.2021,11:00,12:00,0.0,
10.08.2021,12:00,13:00,0.0,
10.08.2021,13:00,14:00,0.0,
10.08.2021,14:00,15:00,0.0,
10.08.2021,15:00,16:00,0.0,
10.08.2021,16:00,17:00,0.0,
10.08.2021,17:00,18:00,0.0,
10.08.2021,18:00,19:00,0.0,
10.08.2021,19:00,20:00,0.0,
10.08.2021,20:00,21:00,0.0,
10.08.2021,21:00,22:00,0.0,
10.08.2021,22:00,23:00,0.0,
10.08.2021,23:00,00:00,0.0,
11.08.2021,00:00,01:00,,
11.08.2021,01:00,02:00,,
11.08.2021,02:00,03:00,,
11.08.2021,03:00,04:00,,
11.08.2021,04:00,05:00,,
11.08.2021,05:00,06:00,,
11.08.2021,06:00,07:00,,
11.08.2021,07:00,08:00,,
11.08.2021,08:00,09:00,,
11.08.2021,09:00,10:00,,
11.08.2021,10:00,11:00,,
11.08.2021,11:00,12:00,,
11.08.2021,12:00,13:00,,
11.08.2021,13:00,14:00,,
11.08.2021,14:00,15:00,,
11.08.2021,15:00,16:00,,
11.08.2021,16:00,17:00,,
11.08.2021,17:00,18:00,,
11.08.2021,18:00,19:00,,
11.08.2021,19:00,20:00,,
11.08.2021,20:00,21:00,,
11.08.2021,21:00,22:00,,
11.08.2021,22:00,23:00,,
11.08.2021,23:00,00:00,,
12.08.2021,00:00,01:00,,
12.08.2021,01:00,02:00,,
12.08.2021,02:00,03:00,,
12.08.2021,03:00,04:00,,
12.08.2021,04:00,05:00,,
12.08.2021,05:00,06:00,,
12.08.2021,06:00,07:00,,
12.08.2021,07:00,08:00,,
12.08.2021,08:00,09:00,,
12.08.2021,09:00,10:00,,
12.08.2021,10:00,11:00,,
12.08.2021,11:00,12:00,,
12.08.2021,12:00,13:00,,
12.08.2021,13:00,14:00,,
12.08.2021,14:00,15:00,,
12.08.2021,15:00,16:00,,
12.08.2021,16:00,17:00,,
12.08.2021,17:00,18:00,,
12.08.2021,18:00,19:00,,
12.08.2021,19:00,20:00,,
12.08.2021,20:00,21:00,,
12.08.2021,21:00,22:00,,
12.08.2021,22:00,23:00,,
12.08.2021,23:00,00:00,,
13.08.2021,00:00,01:00,0.0,
13.08.2021,01:00,02:00,0.0,
13.08.2021,02:00,03:00,0.0,
13.08.2021,03:00,04:00,0.0,
13.08.2021,04:00,05:00,0.0,
13.08.2021,05:00,06:00,0.0,
13.08.2021,06:00,07:00,0.0,
13.08.2021,07:00,08:00,0.0,
13.08.2021,08:00,09:00,0.0,
13.08.2021,09:00,10:00,0.0,
13.08.2021,10:00,11:00,0.0,
13.08.2021,11:00,12:00,0.0,
13.08.2021,12:00,13:00,0.0,
13.08.2021,13:00,14:00,0.0,
13.08.2021,14:00,15:00,0.0,
13.08.2021,15:00,16:00,0.0,
13.08.2021,16:00,17:00,0.0,
13.08.2021,17:00,18:00,0.0,
13.08.2021,18:00,19:00,0.0,
13.08.2021,19:00,20:00,0.0,
13.08.2021,20:00,21:00,0.0,
13.08.2021,21:00,22:00,0.0,
13.08.2021,22:00,23:00,0.0,
13.08.2021,23:00,00:00,0.0,
14.08.2021,00:00,01:00,0.0,
14.08.2021,01:00,02:00,0.0,
14.08.2021,02:00,03:00,0.0,
14.08.2021,03:00,04:00,0.0,
14.08.2021,04:00,05:00,0.0,
14.08.2021,05:00,06:00,0.0,
14.08.2021,06:00,07:00,0.0,
14.08.2021,07:00,08:00,0.0,
14.08.2021,08:00,09:00,0.0,
14.08.2021,09:00,10:00,0.0,
14.08.2021,10:00,11:00,0.0,
14.08.2021,11:00,12:00,0.0,
14.08.2021,12:00,13:00,0.0,
14.08.2021,13:00,14:00,0.0,
14.08.2021,14:00,15:00,0.0,
14.08.2021,15:00,16:00,0.0,
14.08.2021,16:00,17:00,0.0,
14.08.2021,17:00,18:00,0.0,
14.08.2021,18:00,19:00,0.0,
14.08.2021,19:00,20:00,0.0,
14.08.2021,20:00,21:00,0.0,
14.08.2021,21:00,22:00,0.0,
14.08.2021,22:00,23:00,0.0,
14.08.2021,23:00,00:00,0.0,
15.08.2021,00:00,01:00,0.0,
15.08.2021,01:00,02:00,0.0,
15.08.2021,02:00,03:00,0.0,
15.08.2021,03:00,04:00,0.0,
15.08.2021,04:00,05:00,0.0,
15.08.2021,05:00,06:00,0.0,
15.08.2021,06:00,07:00,0.0,
15.08.2021,07:00,08:00,0.0,
15.08.2021,08:00,09:00,0.0,
15.08.2021,09:00,10:00,0.0,
15.08.2021,10:00,11:00,0.0,
15.08.2021,11:00,12:00,0.0,
15.08.2021,12:00,13:00,0.0,
15.08.2021,13:00,14:00,0.0,
15.08.2021,14:00,15:00,0.0,
15.08.2021,15:00,16:00,0.0,
15.08.2021,16:00,17:00,0.0,
15.08.2021,17:00,18:00,0.0,
15.08.2021,18:00,19:00,0.0,
15.08.2021,19:00,20:00,0.0,
15.08.2021,20:00,21:00,0.0,
15.08.2021,21:00,22:00,0.0,
15.08.2021,22:00,23:00,0.0,
15.08.2021,23:00,00:00,0.0,
16.08.2021,00:00,01:00,0.0,
16.08.2021,01:00,02:00,0.0,
16.08.2021,02:00,03:00,0.0,
16.08.2021,03:00,04:00,0.0,
16.08.2021,04:00,05:00,0.0,
16.08.2021,05:00,06:00,0.0,
16.08.2021,06:00,07:00,0.0,
16.08.2021,07:00,08:00,0.0,
16.08.2021,08:00,09:00,0.0,
16.08.2021,09:00,10:00,0.0,
16.08.2021,10:00,11:00,0.0,
16.08.2021,11:00,12:00,0.0,
16.08.2021,12:00,13:00,0.0,
16.08.2021,13:00,14:00,0.0,
16.08.2021,14:00,15:00,0.0,
16.08.2021,15:00,16:00,0.0,
16.08.2021,16:00,17:00,0.0,
16.08.2021,17:00,18:00,0.0,
16.08.2021,18:00,19:00,0.0,
16.08.2021,19:00,20:00,0.0,
16.08.2021,20:00,21:00,0.0,
16.08.2021,21:00,22:00,0.0,
16.08.2021,22:00,23:00,0.0,
16.08.2021,23:00,00:00,0.0,
17.08.2021,00:00,01:00,0.0,
17.08.2021,01:00,02:00,0.0,
17.08.2021,02:00,03:00,0.0,
17.08.2021,03:00,04:00,0.0,
17.08.2021,04:00,05:00,0.0,
17.08.2021,05:00,06:00,0.0,
17.08.2021,06:00,07:00,83.0,
17.08.2021,07:00,08:00,237.0,
17.08.2021,08:00,09:00,349.0,
17.08.2021,09:00,10:00,243.0,
17.08.2021,10:00,11:00,202.0,
17.08.2021,11:00,12:00,202.0,
17.08.2021,12:00,13:00,202.0,
17.08.2021,13:00,14:00,201.0,
17.08.2021,14:00,15:00,201.0,
17.08.2021,15:00,16:00,202.0,
17.08.2021,16:00,17:00,201.0,
17.08.2021,17:00,18:00,202.0,
17.08.2021,18:00,19:00,23.0,
17.08.2021,19:00,20:00,0.0,
17.08.2021,20:00,21:00,0.0,
17.08.2021,21:00,22:00,0.0,
17.08.2021,22:00,23:00,0.0,
17.08.2021,23:00,00:00,0.0,
18.08.2021,00:00,01:00,0.0,
18.08.2021,01:00,02:00,0.0,
18.08.2021,02:00,03:00,0.0,
18.08.2021,03:00,04:00,0.0,
18.08.2021,04:00,05:00,0.0,
18.08.2021,05:00,06:00,0.0,
18.08.2021,06:00,07:00,0.0,
18.08.2021,07:00,08:00,0.0,
18.08.2021,08:00,09:00,0.0,
18.08.2021,09:00,10:00,23.0,
18.08.2021,10:00,11:00,268.0,
18.08.2021,11:00,12:00,351.0,
18.08.2021,12:00,13:00,391.0,
18.08.2021,13:00,14:00,358.0,
18.08.2021,14:00,15:00,354.0,
18.08.2021,15:00,16:00,211.0,
18.08.2021,16:00,17:00,22.0,
18.08.2021,17:00,18:00,0.0,
18.08.2021,18:00,19:00,0.0,
18.08.2021,19:00,20:00,0.0,
18.08.2021,20:00,21:00,0.0,
18.08.2021,21:00,22:00,0.0,
18.08.2021,22:00,23:00,0.0,
18.08.2021,23:00,00:00,0.0,
19.08.2021,00:00,01:00,0.0,
19.08.2021,01:00,02:00,0.0,
19.08.2021,02:00,03:00,0.0,
19.08.2021,03:00,04:00,0.0,
19.08.2021,04:00,05:00,0.0,
19.08.2021,05:00,06:00,0.0,
19.08.2021,06:00,07:00,0.0,
19.08.2021,07:00,08:00,0.0,
19.08.2021,08:00,09:00,0.0,
19.08.2021,09:00,10:00,0.0,
19.08.2021,10:00,11:00,0.0,
19.08.2021,11:00,12:00,0.0,
19.08.2021,12:00,13:00,0.0,
19.08.2021,13:00,14:00,0.0,
19.08.2021,14:00,15:00,0.0,
19.08.2021,15:00,16:00,0.0,
19.08.2021,16:00,17:00,0.0,
19.08.2021,17:00,18:00,0.0,
19.08.2021,18:00,19:00,0.0,
19.08.2021,19:00,20:00,0.0,
19.08.2021,20:00,21:00,0.0,
19.08.2021,21:00,22:00,0.0,
19.08.2021,22:00,23:00,0.0,
19.08.2021,23:00,00:00,0.0,
20.08.2021,00:00,01:00,0.0,
20.08.2021,01:00,02:00,0.0,
20.08.2021,02:00,03:00,0.0,
20.08.2021,03:00,04:00,0.0,
20.08.2021,04:00,05:00,0.0,
20.08.2021,05:00,06:00,0.0,
20.08.2021,06:00,07:00,0.0,
20.08.2021,07:00,08:00,0.0,
20.08.2021,08:00,09:00,0.0,
20.08.2021,09:00,10:00,0.0,
20.08.2021,10:00,11:00,0.0,
20.08.2021,11:00,12:00,0.0,
20.08.2021,12:00,13:00,0.0,
20.08.2021,13:00,14:00,0.0,
20.08.2021,14:00,15:00,0.0,
20.08.2021,15:00,16:00,0.0,
20.08.2021,16:00,17:00,0.0,
20.08.2021,17:00,18:00,0.0,
20.08.2021,18:00,19:00,0.0,
20.08.2021,19:00,20:00,0.0,
20.08.2021,20:00,21:00,0.0,
20.08.2021,21:00,22:00,0.0,
20.08.2021,22:00,23:00,0.0,
20.08.2021,23:00,00:00,0.0,
21.08.2021,00:00,01:00,0.0,
21.08.2021,01:00,02:00,0.0,
21.08.2021,02:00,03:00,0.0,
21.08.2021,03:00,04:00,0.0,
21.08.2021,04:00,05:00,0.0,
21.08.2021,05:00,06:00,0.0,
21.08.2021,06:00,07:00,0.0,
21.08.2021,07:00,08:00,0.0,
21.08.2021,08:00,09:00,0.0,
21.08.2021,09:00,10:00,0.0,
21.08.2021,10:00,11:00,0.0,
21.08.2021,11:00,12:00,0.0,
21.08.2021,12:00,13:00,0.0,
21.08.2021,13:00,14:00,0.0,
21.08.2021,14:00,15:00,0.0,
21.08.2021,15:00,16:00,0.0,
21.08.2021,16:00,17:00,0.0,
21.08.2021,17:00,18:00,0.0,
21.08.2021,18:00,19:00,0.0,
21.08.2021,19:00,20:00,0.0,
21.08.2021,20:00,21:00,0.0,
21.08.2021,21:00,22:00,0.0,
21.08.2021,22:00,23:00,0.0,
21.08.2021,23:00,00:00,0.0,
22.08.2021,00:00,01:00,0.0,
22.08.2021,01:00,02:00,0.0,
22.08.2021,02:00,03:00,0.0,
22.08.2021,03:00,04:00,0.0,
22.08.2021,04:00,05:00,0.0,
22.08.2021,05:00,06:00,0.0,
22.08.2021,06:00,07:00,0.0,
22.08.2021,07:00,08:00,0.0,
22.08.2021,08:00,09:00,0.0,
22.08.2021,09:00,10:00,0.0,
22.08.2021,10:00,11:00,0.0,
22.08.2021,11:00,12:00,0.0,
22.08.2021,12:00,13:00,0.0,
22.08.2021,13:00,14:00,0.0,
22.08.2021,14:00,15:00,0.0,
22.08.2021,15:00,16:00,0.0,
22.08.2021,16:00,17:00,0.0,
22.08.2021,17:00,18:00,0.0,
22.08.2021,18:00,19:00,0.0,
22.08.2021,19:00,20:00,0.0,
22.08.2021,20:00,21:00,0.0,
22.08.2021,21:00,22:00,0.0,
22.08.2021,22:00,23:00,0.0,
22.08.2021,23:00,00:00,0.0,
23.08.2021,00:00,01:00,0.0,
23.08.2021,01:00,02:00,0.0,
23.08.2021,02:00,03:00,0.0,
23.08.2021,03:00,04:00,0.0,
23.08.2021,04:00,05:00,0.0,
23.08.2021,05:00,06:00,0.0,
23.08.2021,06:00,07:00,0.0,
23.08.2021,07:00,08:00,0.0,
23.08.2021,08:00,09:00,0.0,
23.08.2021,09:00,10:00,0.0,
23.08.2021,10:00,11:00,0.0,
23.08.2021,11:00,12:00,0.0,
23.08.2021,12:00,13:00,0.0,
23.08.2021,13:00,14:00,0.0,
23.08.2021,14:00,15:00,0.0,
23.08.2021,15:00,16:00,0.0,
23.08.2021,16:00,17:00,0.0,
23.08.2021,17:00,18:00,0.0,
23.08.2021,18:00,19:00,0.0,
23.08.2021,19:00,20:00,0.0,
23.08.2021,20:00,21:00,0.0,
23.08.2021,21:00,22:00,0.0,
23.08.2021,22:00,23:00,0.0,
23.08.2021,23:00,00:00,0.0,
24.08.2021,00:00,01:00,0.0,
24.08.2021,01:00,02:00,0.0,
24.08.2021,02:00,03:00,0.0,
24.08.2021,03:00,04:00,0.0,
24.08.2021,04:00,05:00,0.0,
24.08.2021,05:00,06:00,0.0,
24.08.2021,06:00,07:00,0.0,
24.08.2021,07:00,08:00,0.0,
24.08.2021,08:00,09:00,0.0,
24.08.2021,09:00,10:00,0.0,
24.08.2021,10:00,11:00,0.0,
24.08.2021,11:00,12:00,0.0,
24.08.2021,12:00,13:00,0.0,
24.08.2021,13:00,14:00,0.0,
24.08.2021,14:00,15:00,0.0,
24.08.2021,15:00,16:00,0.0,
24.08.2021,16:00,17:00,0.0,
24.08.2021,17:00,18:00,0.0,
24.08.2021,18:00,19:00,0.0,
24.08.2021,19:00,20:00,0.0,
24.08.2021,20:00,21:00,0.0,
24.08.2021,21:00,22:00,0.0,
24.08.2021,22:00,23:00,0.0,
24.08.2021,23:00,00:00,0.0,
25.08.2021,00:00,01:00,0.0,
25.08.2021,01:00,02:00,0.0,
25.08.2021,02:00,03:00,0.0,
25.08.2021,03:00,04:00,0.0,
25.08.2021,04:00,05:00,0.0,
25.08.2021,05:00,06:00,0.0,
25.08.2021,06:00,07:00,0.0,
25.08.2021,07:00,08:00,0.0,
25.08.2021,08:00,09:00,0.0,
25.08.2021,09:00,10:00,0.0,
25.08.2021,10:00,11:00,0.0,
25.08.2021,11:00,12:00,0.0,
25.08.2021,12:00,13:00,0.0,
25.08.2021,13:00,14:00,0.0,
25.08.2021,14:00,15:00,0.0,
25.08.2021,15:00,16:00,0.0,
25.08.2021,16:00,17:00,0.0,
25.08.2021,17:00,18:00,0.0,
25.08.2021,18:00,19:00,0.0,
25.08.2021,19:00,20:00,0.0,
25.08.2021,20:00,21:00,0.0,
25.08.2021,21:00,22:00,0.0,
25.08.2021,22:00,23:00,0.0,
25.08.2021,23:00,00:00,0.0,
26.08.2021,00:00,01:00,0.0,
26.08.2021,01:00,02:00,0.0,
26.08.2021,02:00,03:00,0.0,
26.08.2021,03:00,04:00,0.0,
26.08.2021,04:00,05:00,0.0,
26.08.2021,05:00,06:00,0.0,
26.08.2021,06:00,07:00,0.0,
26.08.2021,07:00,08:00,0.0,
26.08.2021,08:00,09:00,0.0,
26.08.2021,09:00,10:00,0.0,
26.08.2021,10:00,11:00,0.0,
26.08.2021,11:00,12:00,0.0,
26.08.2021,12:00,13:00,0.0,
26.08.2021,13:00,14:00,0.0,
26.08.2021,14:00,15:00,0.0,
26.08.2021,15:00,16:00,0.0,
26.08.2021,16:00,17:00,0.0,
26.08.2021,17:00,18:00,0.0,
26.08.2021,18:00,19:00,0.0,
26.08.2021,19:00,20:00,0.0,
26.08.2021,20:00,21:00,0.0,
26.08.2021,21:00,22:00,0.0,
26.08.2021,22:00,23:00,0.0,
26.08.2021,23:00,00:00,0.0,
27.08.2021,00:00,01:00,0.0,
27.08.2021,01:00,02:00,0.0,
27.08.2021,02:00,03:00,0.0,
27.08.2021,03:00,04:00,0.0,
27.08.2021,04:00,05:00,0.0,
27.08.2021,05:00,06:00,0.0,
27.08.2021,06:00,07:00,0.0,
27.08.2021,07:00,08:00,0.0,
27.08.2021,08:00,09:00,0.0,
27.08.2021,09:00,10:00,0.0,
27.08.2021,10:00,11:00,0.0,
27.08.2021,11:00,12:00,0.0,
27.08.2021,12:00,13:00,0.0,
27.08.2021,13:00,14:00,0.0,
27.08.2021,14:00,15:00,0.0,
27.08.2021,15:00,16:00,0.0,
27.08.2021,16:00,17:00,0.0,
27.08.2021,17:00,18:00,0.0,
27.08.2021,18:00,19:00,0.0,
27.08.2021,19:00,20:00,0.0,
27.08.2021,20:00,21:00,0.0,
27.08.2021,21:00,22:00,0.0,
27.08.2021,22:00,23:00,0.0,
27.08.2021,23:00,00:00,0.0,
28.08.2021,00:00,01:00,0.0,
28.08.2021,01:00,02:00,0.0,
28.08.2021,02:00,03:00,0.0,
28.08.2021,03:00,04:00,0.0,
28.08.2021,04:00,05:00,0.0,
28.08.2021,05:00,06:00,0.0,
28.08.2021,06:00,07:00,0.0,
28.08.2021,07:00,08:00,0.0,
28.08.2021,08:00,09:00,0.0,
28.08.2021,09:00,10:00,0.0,
28.08.2021,10:00,11:00,0.0,
28.08.2021,11:00,12:00,0.0,
28.08.2021,12:00,13:00,0.0,
28.08.2021,13:00,14:00,0.0,
28.08.2021,14:00,15:00,0.0,
28.08.2021,15:00,16:00,0.0,
28.08.2021,16:00,17:00,0.0,
28.08.2021,17:00,18:00,0.0,
28.08.2021,18:00,19:00,0.0,
28.08.2021,19:00,20:00,0.0,
28.08.2021,20:00,21:00,0.0,
28.08.2021,21:00,22:00,0.0,
28.08.2021,22:00,23:00,0.0,
28.08.2021,23:00,00:00,0.0,
29.08.2021,00:00,01:00,0.0,
29.08.2021,01:00,02:00,0.0,
29.08.2021,02:00,03:00,0.0,
29.08.2021,03:00,04:00,0.0,
29.08.2021,04:00,05:00,0.0,
29.08.2021,05:00,06:00,0.0,
29.08.2021,06:00,07:00,0.0,
29.08.2021,07:00,08:00,0.0,
29.08.2021,08:00,09:00,0.0,
29.08.2021,09:00,10:00,0.0,
29.08.2021,10:00,11:00,0.0,
29.08.2021,11:00,12:00,0.0,
29.08.2021,12:00,13:00,0.0,
29.08.2021,13:00,14:00,0.0,
29.08.2021,14:00,15:00,0.0,
29.08.2021,15:00,16:00,0.0,
29.08.2021,16:00,17:00,0.0,
29.08.2021,17:00,18:00,0.0,
29.08.2021,18:00,19:00,0.0,
29.08.2021,19:00,20:00,0.0,
29.08.2021,20:00,21:00,0.0,
29.08.2021,21:00,22:00,0.0,
29.08.2021,22:00,23:00,0.0,
29.08.2021,23:00,00:00,0.0,
30.08.2021,00:00,01:00,0.0,
30.08.2021,01:00,02:00,0.0,
30.08.2021,02:00,03:00,0.0,
30.08.2021,03:00,04:00,0.0,
30.08.2021,04:00,05:00,0.0,
30.08.2021,05:00,06:00,0.0,
30.08.2021,06:00,07:00,0.0,
30.08.2021,07:00,08:00,0.0,
30.08.2021,08:00,09:00,0.0,
30.08.2021,09:00,10:00,0.0,
30.08.2021,10:00,11:00,0.0,
30.08.2021,11:00,12:00,0.0,
30.08.2021,12:00,13:00,0.0,
30.08.2021,13:00,14:00,0.0,
30.08.2021,14:00,15:00,0.0,
30.08.2021,15:00,16:00,0.0,
30.08.2021,16:00,17:00,0.0,
30.08.2021,17:00,18:00,0.0,
30.08.2021,18:00,19:00,0.0,
30.08.2021,19:00,20:00,0.0,
30.08.2021,20:00,21:00,0.0,
30.08.2021,21:00,22:00,0.0,
30.08.2021,22:00,23:00,0.0,
30.08.2021,23:00,00:00,0.0,
31.08.2021,00:00,01:00,0.0,
31.08.2021,01:00,02:00,0.0,
31.08.2021,02:00,03:00,0.0,
31.08.2021,03:00,04:00,0.0,
31.08.2021,04:00,05:00,0.0,
31.08.2021,05:00,06:00,0.0,
31.08.2021,06:00,07:00,0.0,
31.08.2021,07:00,08:00,0.0,
31.08.2021,08:00,09:00,0.0,
31.08.2021,09:00,10:00,0.0,
31.08.2021,10:00,11:00,0.0,
31.08.2021,11:00,12:00,0.0,
31.08.2021,12:00,13:00,0.0,
31.08.2021,13:00,14:00,0.0,
31.08.2021,14:00,15:00,0.0,
31.08.2021,15:00,16:00,0.0,
31.08.2021,16:00,17:00,0.0,
31.08.2021,17:00,18:00,0.0,
31.08.2021,18:00,19:00,0.0,
31.08.2021,19:00,20:00,0.0,
31.08.2021,20:00,21:00,0.0,
31.08.2021,21:00,22:00,0.0,
31.08.2021,22:00,23:00,0.0,
31.08.2021,23:00,00:00,0.0,
01.09.2021,00:00,01:00,0.0,
01.09.2021,01:00,02:00,0.0,
01.09.2021,02:00,03:00,0.0,
01.09.2021,03:00,04:00,0.0,
01.09.2021,04:00,05:00,0.0,
01.09.2021,05:00,06:00,24.0,
01.09.2021,06:00,07:00,180.0,
01.09.2021,07:00,08:00,303.0,
01.09.2021,08:00,09:00,401.0,
01.09.2021,09:00,10:00,424.0,
01.09.2021,10:00,11:00,412.0,
01.09.2021,11:00,12:00,396.0,
01.09.2021,12:00,13:00,311.0,
01.09.2021,13:00,14:00,302.0,
01.09.2021,14:00,15:00,286.0,
01.09.2021,15:00,16:00,317.0,
01.09.2021,16:00,17:00,330.0,
01.09.2021,17:00,18:00,346.0,
01.09.2021,18:00,19:00,374.0,
01.09.2021,19:00,20:00,417.0,
01.09.2021,20:00,21:00,382.0,
01.09.2021,21:00,22:00,343.0,
01.09.2021,22:00,23:00,334.0,
01.09.2021,23:00,00:00,303.0,
02.09.2021,00:00,01:00,171.0,
02.09.2021,01:00,02:00,0.0,
02.09.2021,02:00,03:00,0.0,
02.09.2021,03:00,04:00,0.0,
02.09.2021,04:00,05:00,0.0,
02.09.2021,05:00,06:00,5.0,
02.09.2021,06:00,07:00,351.0,
02.09.2021,07:00,08:00,424.0,
02.09.2021,08:00,09:00,429.0,
02.09.2021,09:00,10:00,404.0,
02.09.2021,10:00,11:00,392.0,
02.09.2021,11:00,12:00,396.0,
02.09.2021,12:00,13:00,246.0,
02.09.2021,13:00,14:00,236.0,
02.09.2021,14:00,15:00,213.0,
02.09.2021,15:00,16:00,243.0,
02.09.2021,16:00,17:00,308.0,
02.09.2021,17:00,18:00,344.0,
02.09.2021,18:00,19:00,363.0,
02.09.2021,19:00,20:00,394.0,
02.09.2021,20:00,21:00,303.0,
02.09.2021,21:00,22:00,252.0,
02.09.2021,22:00,23:00,251.0,
02.09.2021,23:00,00:00,194.0,
03.09.2021,00:00,01:00,0.0,
03.09.2021,01:00,02:00,0.0,
03.09.2021,02:00,03:00,0.0,
03.09.2021,03:00,04:00,0.0,
03.09.2021,04:00,05:00,0.0,
03.09.2021,05:00,06:00,0.0,
03.09.2021,06:00,07:00,0.0,
03.09.2021,07:00,08:00,0.0,
03.09.2021,08:00,09:00,0.0,
03.09.2021,09:00,10:00,0.0,
03.09.2021,10:00,11:00,0.0,
03.09.2021,11:00,12:00,0.0,
03.09.2021,12:00,13:00,0.0,
03.09.2021,13:00,14:00,0.0,
03.09.2021,14:00,15:00,0.0,
03.09.2021,15:00,16:00,0.0,
03.09.2021,16:00,17:00,0.0,
03.09.2021,17:00,18:00,0.0,
03.09.2021,18:00,19:00,0.0,
03.09.2021,19:00,20:00,0.0,
03.09.2021,20:00,21:00,0.0,
03.09.2021,21:00,22:00,0.0,
03.09.2021,22:00,23:00,0.0,
03.09.2021,23:00,00:00,0.0,
04.09.2021,00:00,01:00,0.0,
04.09.2021,01:00,02:00,0.0,
04.09.2021,02:00,03:00,0.0,
04.09.2021,03:00,04:00,0.0,
04.09.2021,04:00,05:00,0.0,
04.09.2021,05:00,06:00,0.0,
04.09.2021,06:00,07:00,0.0,
04.09.2021,07:00,08:00,0.0,
04.09.2021,08:00,09:00,0.0,
04.09.2021,09:00,10:00,0.0,
04.09.2021,10:00,11:00,0.0,
04.09.2021,11:00,12:00,0.0,
04.09.2021,12:00,13:00,0.0,
04.09.2021,13:00,14:00,0.0,
04.09.2021,14:00,15:00,0.0,
04.09.2021,15:00,16:00,0.0,
04.09.2021,16:00,17:00,0.0,
04.09.2021,17:00,18:00,0.0,
04.09.2021,18:00,19:00,0.0,
04.09.2021,19:00,20:00,0.0,
04.09.2021,20:00,21:00,0.0,
04.09.2021,21:00,22:00,0.0,
04.09.2021,22:00,23:00,0.0,
04.09.2021,23:00,00:00,0.0,
05.09.2021,00:00,01:00,0.0,
05.09.2021,01:00,02:00,0.0,
05.09.2021,02:00,03:00,0.0,
05.09.2021,03:00,04:00,0.0,
05.09.2021,04:00,05:00,0.0,
05.09.2021,05:00,06:00,0.0,
05.09.2021,06:00,07:00,0.0,
05.09.2021,07:00,08:00,0.0,
05.09.2021,08:00,09:00,0.0,
05.09.2021,09:00,10:00,0.0,
05.09.2021,10:00,11:00,0.0,
05.09.2021,11:00,12:00,0.0,
05.09.2021,12:00,13:00,0.0,
05.09.2021,13:00,14:00,0.0,
05.09.2021,14:00,15:00,0.0,
05.09.2021,15:00,16:00,0.0,
05.09.2021,16:00,17:00,0.0,
05.09.2021,17:00,18:00,0.0,
05.09.2021,18:00,19:00,0.0,
05.09.2021,19:00,20:00,0.0,
05.09.2021,20:00,21:00,0.0,
05.09.2021,21:00,22:00,0.0,
05.09.2021,22:00,23:00,0.0,
05.09.2021,23:00,00:00,0.0,
06.09.2021,00:00,01:00,0.0,
06.09.2021,01:00,02:00,0.0,
06.09.2021,02:00,03:00,0.0,
06.09.2021,03:00,04:00,0.0,
06.09.2021,04:00,05:00,0.0,
06.09.2021,05:00,06:00,0.0,
06.09.2021,06:00,07:00,0.0,
06.09.2021,07:00,08:00,0.0,
06.09.2021,08:00,09:00,0.0,
06.09.2021,09:00,10:00,0.0,
06.09.2021,10:00,11:00,0.0,
06.09.2021,11:00,12:00,0.0,
06.09.2021,12:00,13:00,0.0,
06.09.2021,13:00,14:00,0.0,
06.09.2021,14:00,15:00,0.0,
06.09.2021,15:00,16:00,0.0,
06.09.2021,16:00,17:00,0.0,
06.09.2021,17:00,18:00,0.0,
06.09.2021,18:00,19:00,0.0,
06.09.2021,19:00,20:00,0.0,
06.09.2021,20:00,21:00,0.0,
06.09.2021,21:00,22:00,0.0,
06.09.2021,22:00,23:00,0.0,
06.09.2021,23:00,00:00,0.0,
07.09.2021,00:00,01:00,0.0,
07.09.2021,01:00,02:00,0.0,
07.09.2021,02:00,03:00,0.0,
07.09.2021,03:00,04:00,0.0,
07.09.2021,04:00,05:00,0.0,
07.09.2021,05:00,06:00,0.0,
07.09.2021,06:00,07:00,0.0,
07.09.2021,07:00,08:00,0.0,
07.09.2021,08:00,09:00,0.0,
07.09.2021,09:00,10:00,0.0,
07.09.2021,10:00,11:00,0.0,
07.09.2021,11:00,12:00,0.0,
07.09.2021,12:00,13:00,0.0,
07.09.2021,13:00,14:00,0.0,
07.09.2021,14:00,15:00,0.0,
07.09.2021,15:00,16:00,0.0,
07.09.2021,16:00,17:00,0.0,
07.09.2021,17:00,18:00,0.0,
07.09.2021,18:00,19:00,0.0,
07.09.2021,19:00,20:00,0.0,
07.09.2021,20:00,21:00,0.0,
07.09.2021,21:00,22:00,0.0,
07.09.2021,22:00,23:00,0.0,
07.09.2021,23:00,00:00,0.0,
08.09.2021,00:00,01:00,0.0,
08.09.2021,01:00,02:00,0.0,
08.09.2021,02:00,03:00,0.0,
08.09.2021,03:00,04:00,0.0,
08.09.2021,04:00,05:00,0.0,
08.09.2021,05:00,06:00,0.0,
08.09.2021,06:00,07:00,0.0,
08.09.2021,07:00,08:00,0.0,
08.09.2021,08:00,09:00,0.0,
08.09.2021,09:00,10:00,0.0,
08.09.2021,10:00,11:00,0.0,
08.09.2021,11:00,12:00,0.0,
08.09.2021,12:00,13:00,0.0,
08.09.2021,13:00,14:00,0.0,
08.09.2021,14:00,15:00,0.0,
08.09.2021,15:00,16:00,0.0,
08.09.2021,16:00,17:00,0.0,
08.09.2021,17:00,18:00,0.0,
08.09.2021,18:00,19:00,0.0,
08.09.2021,19:00,20:00,0.0,
08.09.2021,20:00,21:00,0.0,
08.09.2021,21:00,22:00,0.0,
08.09.2021,22:00,23:00,0.0,
08.09.2021,23:00,00:00,0.0,
09.09.2021,00:00,01:00,0.0,
09.09.2021,01:00,02:00,0.0,
09.09.2021,02:00,03:00,0.0,
09.09.2021,03:00,04:00,0.0,
09.09.2021,04:00,05:00,0.0,
09.09.2021,05:00,06:00,0.0,
09.09.2021,06:00,07:00,74.0,
09.09.2021,07:00,08:00,213.0,
09.09.2021,08:00,09:00,351.0,
09.09.2021,09:00,10:00,401.0,
09.09.2021,10:00,11:00,398.0,
09.09.2021,11:00,12:00,377.0,
09.09.2021,12:00,13:00,239.0,
09.09.2021,13:00,14:00,259.0,
09.09.2021,14:00,15:00,264.0,
09.09.2021,15:00,16:00,367.0,
09.09.2021,16:00,17:00,387.0,
09.09.2021,17:00,18:00,368.0,
09.09.2021,18:00,19:00,388.0,
09.09.2021,19:00,20:00,390.0,
09.09.2021,20:00,21:00,393.0,
09.09.2021,21:00,22:00,392.0,
09.09.2021,22:00,23:00,400.0,
09.09.2021,23:00,00:00,288.0,
10.09.2021,00:00,01:00,0.0,
10.09.2021,01:00,02:00,0.0,
10.09.2021,02:00,03:00,0.0,
10.09.2021,03:00,04:00,0.0,
10.09.2021,04:00,05:00,0.0,
10.09.2021,05:00,06:00,259.0,
10.09.2021,06:00,07:00,384.0,
10.09.2021,07:00,08:00,416.0,
10.09.2021,08:00,09:00,415.0,
10.09.2021,09:00,10:00,415.0,
10.09.2021,10:00,11:00,415.0,
10.09.2021,11:00,12:00,399.0,
10.09.2021,12:00,13:00,407.0,
10.09.2021,13:00,14:00,375.0,
10.09.2021,14:00,15:00,312.0,
10.09.2021,15:00,16:00,354.0,
10.09.2021,16:00,17:00,398.0,
10.09.2021,17:00,18:00,391.0,
10.09.2021,18:00,19:00,405.0,
10.09.2021,19:00,20:00,408.0,
10.09.2021,20:00,21:00,413.0,
10.09.2021,21:00,22:00,415.0,
10.09.2021,22:00,23:00,415.0,
10.09.2021,23:00,00:00,418.0,
11.09.2021,00:00,01:00,296.0,
11.09.2021,01:00,02:00,0.0,
11.09.2021,02:00,03:00,0.0,
11.09.2021,03:00,04:00,0.0,
11.09.2021,04:00,05:00,0.0,
11.09.2021,05:00,06:00,0.0,
11.09.2021,06:00,07:00,0.0,
11.09.2021,07:00,08:00,0.0,
11.09.2021,08:00,09:00,0.0,
11.09.2021,09:00,10:00,0.0,
11.09.2021,10:00,11:00,0.0,
11.09.2021,11:00,12:00,0.0,
11.09.2021,12:00,13:00,0.0,
11.09.2021,13:00,14:00,0.0,
11.09.2021,14:00,15:00,0.0,
11.09.2021,15:00,16:00,0.0,
11.09.2021,16:00,17:00,0.0,
11.09.2021,17:00,18:00,0.0,
11.09.2021,18:00,19:00,0.0,
11.09.2021,19:00,20:00,0.0,
11.09.2021,20:00,21:00,0.0,
11.09.2021,21:00,22:00,0.0,
11.09.2021,22:00,23:00,0.0,
11.09.2021,23:00,00:00,0.0,
12.09.2021,00:00,01:00,0.0,
12.09.2021,01:00,02:00,0.0,
12.09.2021,02:00,03:00,0.0,
12.09.2021,03:00,04:00,0.0,
12.09.2021,04:00,05:00,0.0,
12.09.2021,05:00,06:00,0.0,
12.09.2021,06:00,07:00,0.0,
12.09.2021,07:00,08:00,0.0,
12.09.2021,08:00,09:00,0.0,
12.09.2021,09:00,10:00,0.0,
12.09.2021,10:00,11:00,0.0,
12.09.2021,11:00,12:00,0.0,
12.09.2021,12:00,13:00,0.0,
12.09.2021,13:00,14:00,0.0,
12.09.2021,14:00,15:00,0.0,
12.09.2021,15:00,16:00,0.0,
12.09.2021,16:00,17:00,0.0,
12.09.2021,17:00,18:00,0.0,
12.09.2021,18:00,19:00,0.0,
12.09.2021,19:00,20:00,0.0,
12.09.2021,20:00,21:00,0.0,
12.09.2021,21:00,22:00,0.0,
12.09.2021,22:00,23:00,0.0,
12.09.2021,23:00,00:00,0.0,
13.09.2021,00:00,01:00,0.0,
13.09.2021,01:00,02:00,0.0,
13.09.2021,02:00,03:00,0.0,
13.09.2021,03:00,04:00,0.0,
13.09.2021,04:00,05:00,0.0,
13.09.2021,05:00,06:00,0.0,
13.09.2021,06:00,07:00,146.0,
13.09.2021,07:00,08:00,320.0,
13.09.2021,08:00,09:00,422.0,
13.09.2021,09:00,10:00,421.0,
13.09.2021,10:00,11:00,420.0,
13.09.2021,11:00,12:00,415.0,
13.09.2021,12:00,13:00,382.0,
13.09.2021,13:00,14:00,400.0,
13.09.2021,14:00,15:00,380.0,
13.09.2021,15:00,16:00,389.0,
13.09.2021,16:00,17:00,400.0,
13.09.2021,17:00,18:00,399.0,
13.09.2021,18:00,19:00,405.0,
13.09.2021,19:00,20:00,407.0,
13.09.2021,20:00,21:00,409.0,
13.09.2021,21:00,22:00,413.0,
13.09.2021,22:00,23:00,411.0,
13.09.2021,23:00,00:00,408.0,
14.09.2021,00:00,01:00,344.0,
14.09.2021,01:00,02:00,324.0,
14.09.2021,02:00,03:00,250.0,
14.09.2021,03:00,04:00,280.0,
14.09.2021,04:00,05:00,328.0,
14.09.2021,05:00,06:00,350.0,
14.09.2021,06:00,07:00,404.0,
14.09.2021,07:00,08:00,428.0,
14.09.2021,08:00,09:00,422.0,
14.09.2021,09:00,10:00,355.0,
14.09.2021,10:00,11:00,411.0,
14.09.2021,11:00,12:00,366.0,
14.09.2021,12:00,13:00,354.0,
14.09.2021,13:00,14:00,121.0,
14.09.2021,14:00,15:00,0.0,
14.09.2021,15:00,16:00,0.0,
14.09.2021,16:00,17:00,0.0,
14.09.2021,17:00,18:00,0.0,
14.09.2021,18:00,19:00,266.0,
14.09.2021,19:00,20:00,396.0,
14.09.2021,20:00,21:00,400.0,
14.09.2021,21:00,22:00,381.0,
14.09.2021,22:00,23:00,383.0,
14.09.2021,23:00,00:00,288.0,
15.09.2021,00:00,01:00,0.0,
15.09.2021,01:00,02:00,0.0,
15.09.2021,02:00,03:00,0.0,
15.09.2021,03:00,04:00,0.0,
15.09.2021,04:00,05:00,5.0,
15.09.2021,05:00,06:00,327.0,
15.09.2021,06:00,07:00,383.0,
15.09.2021,07:00,08:00,413.0,
15.09.2021,08:00,09:00,416.0,
15.09.2021,09:00,10:00,415.0,
15.09.2021,10:00,11:00,414.0,
15.09.2021,11:00,12:00,414.0,
15.09.2021,12:00,13:00,412.0,
15.09.2021,13:00,14:00,408.0,
15.09.2021,14:00,15:00,410.0,
15.09.2021,15:00,16:00,409.0,
15.09.2021,16:00,17:00,408.0,
15.09.2021,17:00,18:00,395.0,
15.09.2021,18:00,19:00,362.0,
15.09.2021,19:00,20:00,410.0,
15.09.2021,20:00,21:00,386.0,
15.09.2021,21:00,22:00,363.0,
15.09.2021,22:00,23:00,357.0,
15.09.2021,23:00,00:00,331.0,
16.09.2021,00:00,01:00,267.0,
16.09.2021,01:00,02:00,0.0,
16.09.2021,02:00,03:00,0.0,
16.09.2021,03:00,04:00,0.0,
16.09.2021,04:00,05:00,0.0,
16.09.2021,05:00,06:00,5.0,
16.09.2021,06:00,07:00,353.0,
16.09.2021,07:00,08:00,418.0,
16.09.2021,08:00,09:00,417.0,
16.09.2021,09:00,10:00,418.0,
16.09.2021,10:00,11:00,422.0,
16.09.2021,11:00,12:00,422.0,
16.09.2021,12:00,13:00,373.0,
16.09.2021,13:00,14:00,324.0,
16.09.2021,14:00,15:00,317.0,
16.09.2021,15:00,16:00,312.0,
16.09.2021,16:00,17:00,347.0,
16.09.2021,17:00,18:00,385.0,
16.09.2021,18:00,19:00,370.0,
16.09.2021,19:00,20:00,406.0,
16.09.2021,20:00,21:00,415.0,
16.09.2021,21:00,22:00,336.0,
16.09.2021,22:00,23:00,296.0,
16.09.2021,23:00,00:00,0.0,
17.09.2021,00:00,01:00,0.0,
17.09.2021,01:00,02:00,0.0,
17.09.2021,02:00,03:00,0.0,
17.09.2021,03:00,04:00,0.0,
17.09.2021,04:00,05:00,0.0,
17.09.2021,05:00,06:00,5.0,
17.09.2021,06:00,07:00,353.0,
17.09.2021,07:00,08:00,423.0,
17.09.2021,08:00,09:00,429.0,
17.09.2021,09:00,10:00,429.0,
17.09.2021,10:00,11:00,425.0,
17.09.2021,11:00,12:00,407.0,
17.09.2021,12:00,13:00,386.0,
17.09.2021,13:00,14:00,391.0,
17.09.2021,14:00,15:00,406.0,
17.09.2021,15:00,16:00,340.0,
17.09.2021,16:00,17:00,301.0,
17.09.2021,17:00,18:00,351.0,
17.09.2021,18:00,19:00,383.0,
17.09.2021,19:00,20:00,416.0,
17.09.2021,20:00,21:00,417.0,
17.09.2021,21:00,22:00,397.0,
17.09.2021,22:00,23:00,399.0,
17.09.2021,23:00,00:00,394.0,
18.09.2021,00:00,01:00,412.0,
18.09.2021,01:00,02:00,275.0,
18.09.2021,02:00,03:00,0.0,
18.09.2021,03:00,04:00,0.0,
18.09.2021,04:00,05:00,0.0,
18.09.2021,05:00,06:00,0.0,
18.09.2021,06:00,07:00,0.0,
18.09.2021,07:00,08:00,0.0,
18.09.2021,08:00,09:00,0.0,
18.09.2021,09:00,10:00,0.0,
18.09.2021,10:00,11:00,0.0,
18.09.2021,11:00,12:00,0.0,
18.09.2021,12:00,13:00,0.0,
18.09.2021,13:00,14:00,0.0,
18.09.2021,14:00,15:00,0.0,
18.09.2021,15:00,16:00,0.0,
18.09.2021,16:00,17:00,0.0,
18.09.2021,17:00,18:00,0.0,
18.09.2021,18:00,19:00,0.0,
18.09.2021,19:00,20:00,0.0,
18.09.2021,20:00,21:00,0.0,
18.09.2021,21:00,22:00,0.0,
18.09.2021,22:00,23:00,0.0,
18.09.2021,23:00,00:00,0.0,
19.09.2021,00:00,01:00,0.0,
19.09.2021,01:00,02:00,0.0,
19.09.2021,02:00,03:00,0.0,
19.09.2021,03:00,04:00,0.0,
19.09.2021,04:00,05:00,0.0,
19.09.2021,05:00,06:00,0.0,
19.09.2021,06:00,07:00,0.0,
19.09.2021,07:00,08:00,0.0,
19.09.2021,08:00,09:00,0.0,
19.09.2021,09:00,10:00,0.0,
19.09.2021,10:00,11:00,0.0,
19.09.2021,11:00,12:00,0.0,
19.09.2021,12:00,13:00,0.0,
19.09.2021,13:00,14:00,0.0,
19.09.2021,14:00,15:00,0.0,
19.09.2021,15:00,16:00,0.0,
19.09.2021,16:00,17:00,0.0,
19.09.2021,17:00,18:00,0.0,
19.09.2021,18:00,19:00,0.0,
19.09.2021,19:00,20:00,0.0,
19.09.2021,20:00,21:00,0.0,
19.09.2021,21:00,22:00,0.0,
19.09.2021,22:00,23:00,0.0,
19.09.2021,23:00,00:00,0.0,
20.09.2021,00:00,01:00,0.0,
20.09.2021,01:00,02:00,0.0,
20.09.2021,02:00,03:00,0.0,
20.09.2021,03:00,04:00,0.0,
20.09.2021,04:00,05:00,0.0,
20.09.2021,05:00,06:00,0.0,
20.09.2021,06:00,07:00,150.0,
20.09.2021,07:00,08:00,319.0,
20.09.2021,08:00,09:00,423.0,
20.09.2021,09:00,10:00,429.0,
20.09.2021,10:00,11:00,424.0,
20.09.2021,11:00,12:00,402.0,
20.09.2021,12:00,13:00,400.0,
20.09.2021,13:00,14:00,418.0,
20.09.2021,14:00,15:00,386.0,
20.09.2021,15:00,16:00,409.0,
20.09.2021,16:00,17:00,416.0,
20.09.2021,17:00,18:00,406.0,
20.09.2021,18:00,19:00,417.0,
20.09.2021,19:00,20:00,416.0,
20.09.2021,20:00,21:00,421.0,
20.09.2021,21:00,22:00,423.0,
20.09.2021,22:00,23:00,410.0,
20.09.2021,23:00,00:00,339.0,
21.09.2021,00:00,01:00,12.0,
21.09.2021,01:00,02:00,0.0,
21.09.2021,02:00,03:00,0.0,
21.09.2021,03:00,04:00,0.0,
21.09.2021,04:00,05:00,0.0,
21.09.2021,05:00,06:00,228.0,
21.09.2021,06:00,07:00,395.0,
21.09.2021,07:00,08:00,431.0,
21.09.2021,08:00,09:00,437.0,
21.09.2021,09:00,10:00,426.0,
21.09.2021,10:00,11:00,336.0,
21.09.2021,11:00,12:00,294.0,
21.09.2021,12:00,13:00,231.0,
21.09.2021,13:00,14:00,295.0,
21.09.2021,14:00,15:00,274.0,
21.09.2021,15:00,16:00,277.0,
21.09.2021,16:00,17:00,319.0,
21.09.2021,17:00,18:00,399.0,
21.09.2021,18:00,19:00,388.0,
21.09.2021,19:00,20:00,428.0,
21.09.2021,20:00,21:00,408.0,
21.09.2021,21:00,22:00,297.0,
21.09.2021,22:00,23:00,0.0,
21.09.2021,23:00,00:00,0.0,
22.09.2021,00:00,01:00,0.0,
22.09.2021,01:00,02:00,0.0,
22.09.2021,02:00,03:00,0.0,
22.09.2021,03:00,04:00,0.0,
22.09.2021,04:00,05:00,0.0,
22.09.2021,05:00,06:00,0.0,
22.09.2021,06:00,07:00,0.0,
22.09.2021,07:00,08:00,0.0,
22.09.2021,08:00,09:00,0.0,
22.09.2021,09:00,10:00,0.0,
22.09.2021,10:00,11:00,0.0,
22.09.2021,11:00,12:00,0.0,
22.09.2021,12:00,13:00,0.0,
22.09.2021,13:00,14:00,0.0,
22.09.2021,14:00,15:00,0.0,
22.09.2021,15:00,16:00,0.0,
22.09.2021,16:00,17:00,0.0,
22.09.2021,17:00,18:00,0.0,
22.09.2021,18:00,19:00,0.0,
22.09.2021,19:00,20:00,0.0,
22.09.2021,20:00,21:00,0.0,
22.09.2021,21:00,22:00,0.0,
22.09.2021,22:00,23:00,0.0,
22.09.2021,23:00,00:00,0.0,
23.09.2021,00:00,01:00,0.0,
23.09.2021,01:00,02:00,0.0,
23.09.2021,02:00,03:00,0.0,
23.09.2021,03:00,04:00,0.0,
23.09.2021,04:00,05:00,0.0,
23.09.2021,05:00,06:00,0.0,
23.09.2021,06:00,07:00,0.0,
23.09.2021,07:00,08:00,0.0,
23.09.2021,08:00,09:00,0.0,
23.09.2021,09:00,10:00,0.0,
23.09.2021,10:00,11:00,0.0,
23.09.2021,11:00,12:00,0.0,
23.09.2021,12:00,13:00,0.0,
23.09.2021,13:00,14:00,0.0,
23.09.2021,14:00,15:00,0.0,
23.09.2021,15:00,16:00,0.0,
23.09.2021,16:00,17:00,0.0,
23.09.2021,17:00,18:00,0.0,
23.09.2021,18:00,19:00,0.0,
23.09.2021,19:00,20:00,0.0,
23.09.2021,20:00,21:00,0.0,
23.09.2021,21:00,22:00,0.0,
23.09.2021,22:00,23:00,0.0,
23.09.2021,23:00,00:00,0.0,
24.09.2021,00:00,01:00,0.0,
24.09.2021,01:00,02:00,0.0,
24.09.2021,02:00,03:00,0.0,
24.09.2021,03:00,04:00,0.0,
24.09.2021,04:00,05:00,0.0,
24.09.2021,05:00,06:00,0.0,
24.09.2021,06:00,07:00,0.0,
24.09.2021,07:00,08:00,0.0,
24.09.2021,08:00,09:00,0.0,
24.09.2021,09:00,10:00,0.0,
24.09.2021,10:00,11:00,0.0,
24.09.2021,11:00,12:00,0.0,
24.09.2021,12:00,13:00,0.0,
24.09.2021,13:00,14:00,0.0,
24.09.2021,14:00,15:00,0.0,
24.09.2021,15:00,16:00,0.0,
24.09.2021,16:00,17:00,0.0,
24.09.2021,17:00,18:00,0.0,
24.09.2021,18:00,19:00,0.0,
24.09.2021,19:00,20:00,0.0,
24.09.2021,20:00,21:00,0.0,
24.09.2021,21:00,22:00,0.0,
24.09.2021,22:00,23:00,0.0,
24.09.2021,23:00,00:00,0.0,
25.09.2021,00:00,01:00,0.0,
25.09.2021,01:00,02:00,0.0,
25.09.2021,02:00,03:00,0.0,
25.09.2021,03:00,04:00,0.0,
25.09.2021,04:00,05:00,0.0,
25.09.2021,05:00,06:00,0.0,
25.09.2021,06:00,07:00,0.0,
25.09.2021,07:00,08:00,0.0,
25.09.2021,08:00,09:00,0.0,
25.09.2021,09:00,10:00,0.0,
25.09.2021,10:00,11:00,0.0,
25.09.2021,11:00,12:00,0.0,
25.09.2021,12:00,13:00,0.0,
25.09.2021,13:00,14:00,0.0,
25.09.2021,14:00,15:00,0.0,
25.09.2021,15:00,16:00,0.0,
25.09.2021,16:00,17:00,0.0,
25.09.2021,17:00,18:00,0.0,
25.09.2021,18:00,19:00,0.0,
25.09.2021,19:00,20:00,0.0,
25.09.2021,20:00,21:00,0.0,
25.09.2021,21:00,22:00,0.0,
25.09.2021,22:00,23:00,0.0,
25.09.2021,23:00,00:00,0.0,
26.09.2021,00:00,01:00,0.0,
26.09.2021,01:00,02:00,0.0,
26.09.2021,02:00,03:00,0.0,
26.09.2021,03:00,04:00,0.0,
26.09.2021,04:00,05:00,0.0,
26.09.2021,05:00,06:00,0.0,
26.09.2021,06:00,07:00,0.0,
26.09.2021,07:00,08:00,0.0,
26.09.2021,08:00,09:00,0.0,
26.09.2021,09:00,10:00,0.0,
26.09.2021,10:00,11:00,0.0,
26.09.2021,11:00,12:00,0.0,
26.09.2021,12:00,13:00,0.0,
26.09.2021,13:00,14:00,0.0,
26.09.2021,14:00,15:00,0.0,
26.09.2021,15:00,16:00,0.0,
26.09.2021,16:00,17:00,0.0,
26.09.2021,17:00,18:00,0.0,
26.09.2021,18:00,19:00,0.0,
26.09.2021,19:00,20:00,0.0,
26.09.2021,20:00,21:00,0.0,
26.09.2021,21:00,22:00,0.0,
26.09.2021,22:00,23:00,0.0,
26.09.2021,23:00,00:00,0.0,
27.09.2021,00:00,01:00,0.0,
27.09.2021,01:00,02:00,0.0,
27.09.2021,02:00,03:00,0.0,
27.09.2021,03:00,04:00,0.0,
27.09.2021,04:00,05:00,0.0,
27.09.2021,05:00,06:00,0.0,
27.09.2021,06:00,07:00,97.0,
27.09.2021,07:00,08:00,241.0,
27.09.2021,08:00,09:00,351.0,
27.09.2021,09:00,10:00,413.0,
27.09.2021,10:00,11:00,394.0,
27.09.2021,11:00,12:00,290.0,
27.09.2021,12:00,13:00,286.0,
27.09.2021,13:00,14:00,280.0,
27.09.2021,14:00,15:00,293.0,
27.09.2021,15:00,16:00,294.0,
27.09.2021,16:00,17:00,378.0,
27.09.2021,17:00,18:00,383.0,
27.09.2021,18:00,19:00,406.0,
27.09.2021,19:00,20:00,416.0,
27.09.2021,20:00,21:00,408.0,
27.09.2021,21:00,22:00,292.0,
27.09.2021,22:00,23:00,0.0,
27.09.2021,23:00,00:00,0.0,
28.09.2021,00:00,01:00,0.0,
28.09.2021,01:00,02:00,0.0,
28.09.2021,02:00,03:00,0.0,
28.09.2021,03:00,04:00,0.0,
28.09.2021,04:00,05:00,0.0,
28.09.2021,05:00,06:00,0.0,
28.09.2021,06:00,07:00,255.0,
28.09.2021,07:00,08:00,410.0,
28.09.2021,08:00,09:00,420.0,
28.09.2021,09:00,10:00,428.0,
28.09.2021,10:00,11:00,425.0,
28.09.2021,11:00,12:00,410.0,
28.09.2021,12:00,13:00,338.0,
28.09.2021,13:00,14:00,283.0,
28.09.2021,14:00,15:00,299.0,
28.09.2021,15:00,16:00,352.0,
28.09.2021,16:00,17:00,372.0,
28.09.2021,17:00,18:00,373.0,
28.09.2021,18:00,19:00,421.0,
28.09.2021,19:00,20:00,424.0,
28.09.2021,20:00,21:00,412.0,
28.09.2021,21:00,22:00,396.0,
28.09.2021,22:00,23:00,296.0,
28.09.2021,23:00,00:00,0.0,
29.09.2021,00:00,01:00,0.0,
29.09.2021,01:00,02:00,0.0,
29.09.2021,02:00,03:00,0.0,
29.09.2021,03:00,04:00,0.0,
29.09.2021,04:00,05:00,0.0,
29.09.2021,05:00,06:00,0.0,
29.09.2021,06:00,07:00,0.0,
29.09.2021,07:00,08:00,0.0,
29.09.2021,08:00,09:00,0.0,
29.09.2021,09:00,10:00,0.0,
29.09.2021,10:00,11:00,0.0,
29.09.2021,11:00,12:00,0.0,
29.09.2021,12:00,13:00,0.0,
29.09.2021,13:00,14:00,0.0,
29.09.2021,14:00,15:00,0.0,
29.09.2021,15:00,16:00,0.0,
29.09.2021,16:00,17:00,0.0,
29.09.2021,17:00,18:00,0.0,
29.09.2021,18:00,19:00,0.0,
29.09.2021,19:00,20:00,0.0,
29.09.2021,20:00,21:00,0.0,
29.09.2021,21:00,22:00,0.0,
29.09.2021,22:00,23:00,0.0,
29.09.2021,23:00,00:00,0.0,
30.09.2021,00:00,01:00,0.0,
30.09.2021,01:00,02:00,0.0,
30.09.2021,02:00,03:00,0.0,
30.09.2021,03:00,04:00,0.0,
30.09.2021,04:00,05:00,25.0,
30.09.2021,05:00,06:00,208.0,
30.09.2021,06:00,07:00,212.0,
30.09.2021,07:00,08:00,212.0,
30.09.2021,08:00,09:00,211.0,
30.09.2021,09:00,10:00,211.0,
30.09.2021,10:00,11:00,211.0,
30.09.2021,11:00,12:00,211.0,
30.09.2021,12:00,13:00,211.0,
30.09.2021,13:00,14:00,212.0,
30.09.2021,14:00,15:00,212.0,
30.09.2021,15:00,16:00,212.0,
30.09.2021,16:00,17:00,211.0,
30.09.2021,17:00,18:00,212.0,
30.09.2021,18:00,19:00,211.0,
30.09.2021,19:00,20:00,217.0,
30.09.2021,20:00,21:00,397.0,
30.09.2021,21:00,22:00,401.0,
30.09.2021,22:00,23:00,396.0,
30.09.2021,23:00,00:00,216.0,
01.10.2021,00:00,01:00,217.0,
01.10.2021,01:00,02:00,397.0,
01.10.2021,02:00,03:00,396.0,
01.10.2021,03:00,04:00,216.0,
01.10.2021,04:00,05:00,212.0,
01.10.2021,05:00,06:00,211.0,
01.10.2021,06:00,07:00,212.0,
01.10.2021,07:00,08:00,292.0,
01.10.2021,08:00,09:00,366.0,
01.10.2021,09:00,10:00,215.0,
01.10.2021,10:00,11:00,24.0,
01.10.2021,11:00,12:00,0.0,
01.10.2021,12:00,13:00,0.0,
01.10.2021,13:00,14:00,0.0,
01.10.2021,14:00,15:00,0.0,
01.10.2021,15:00,16:00,0.0,
01.10.2021,16:00,17:00,0.0,
01.10.2021,17:00,18:00,0.0,
01.10.2021,18:00,19:00,0.0,
01.10.2021,19:00,20:00,0.0,
01.10.2021,20:00,21:00,0.0,
01.10.2021,21:00,22:00,5.0,
01.10.2021,22:00,23:00,207.0,
01.10.2021,23:00,00:00,211.0,
02.10.2021,00:00,01:00,211.0,
02.10.2021,01:00,02:00,212.0,
02.10.2021,02:00,03:00,22.0,
02.10.2021,03:00,04:00,0.0,
02.10.2021,04:00,05:00,0.0,
02.10.2021,05:00,06:00,0.0,
02.10.2021,06:00,07:00,0.0,
02.10.2021,07:00,08:00,0.0,
02.10.2021,08:00,09:00,0.0,
02.10.2021,09:00,10:00,0.0,
02.10.2021,10:00,11:00,0.0,
02.10.2021,11:00,12:00,0.0,
02.10.2021,12:00,13:00,0.0,
02.10.2021,13:00,14:00,0.0,
02.10.2021,14:00,15:00,0.0,
02.10.2021,15:00,16:00,0.0,
02.10.2021,16:00,17:00,0.0,
02.10.2021,17:00,18:00,0.0,
02.10.2021,18:00,19:00,0.0,
02.10.2021,19:00,20:00,0.0,
02.10.2021,20:00,21:00,0.0,
02.10.2021,21:00,22:00,0.0,
02.10.2021,22:00,23:00,0.0,
02.10.2021,23:00,00:00,0.0,
03.10.2021,00:00,01:00,,
03.10.2021,01:00,02:00,,
03.10.2021,02:00,03:00,,
03.10.2021,03:00,04:00,,
03.10.2021,04:00,05:00,,
03.10.2021,05:00,06:00,,
03.10.2021,06:00,07:00,,
03.10.2021,07:00,08:00,,
03.10.2021,08:00,09:00,,
03.10.2021,09:00,10:00,,
03.10.2021,10:00,11:00,,
03.10.2021,11:00,12:00,,
03.10.2021,12:00,13:00,,
03.10.2021,13:00,14:00,,
03.10.2021,14:00,15:00,,
03.10.2021,15:00,16:00,,
03.10.2021,16:00,17:00,,
03.10.2021,17:00,18:00,,
03.10.2021,18:00,19:00,,
03.10.2021,19:00,20:00,,
03.10.2021,20:00,21:00,,
03.10.2021,21:00,22:00,,
03.10.2021,22:00,23:00,,
03.10.2021,23:00,00:00,,
04.10.2021,00:00,01:00,,
04.10.2021,01:00,02:00,,
04.10.2021,02:00,03:00,,
04.10.2021,03:00,04:00,,
04.10.2021,04:00,05:00,,
04.10.2021,05:00,06:00,,
04.10.2021,06:00,07:00,,
04.10.2021,07:00,08:00,,
04.10.2021,08:00,09:00,,
04.10.2021,09:00,10:00,,
04.10.2021,10:00,11:00,,
04.10.2021,11:00,12:00,,
04.10.2021,12:00,13:00,,
04.10.2021,13:00,14:00,,
04.10.2021,14:00,15:00,,
04.10.2021,15:00,16:00,,
04.10.2021,16:00,17:00,,
04.10.2021,17:00,18:00,,
04.10.2021,18:00,19:00,,
04.10.2021,19:00,20:00,,
04.10.2021,20:00,21:00,,
04.10.2021,21:00,22:00,,
04.10.2021,22:00,23:00,,
04.10.2021,23:00,00:00,,
05.10.2021,00:00,01:00,0.0,
05.10.2021,01:00,02:00,0.0,
05.10.2021,02:00,03:00,0.0,
05.10.2021,03:00,04:00,0.0,
05.10.2021,04:00,05:00,0.0,
05.10.2021,05:00,06:00,0.0,
05.10.2021,06:00,07:00,0.0,
05.10.2021,07:00,08:00,0.0,
05.10.2021,08:00,09:00,0.0,
05.10.2021,09:00,10:00,0.0,
05.10.2021,10:00,11:00,0.0,
05.10.2021,11:00,12:00,0.0,
05.10.2021,12:00,13:00,0.0,
05.10.2021,13:00,14:00,0.0,
05.10.2021,14:00,15:00,0.0,
05.10.2021,15:00,16:00,0.0,
05.10.2021,16:00,17:00,0.0,
05.10.2021,17:00,18:00,0.0,
05.10.2021,18:00,19:00,0.0,
05.10.2021,19:00,20:00,0.0,
05.10.2021,20:00,21:00,0.0,
05.10.2021,21:00,22:00,0.0,
05.10.2021,22:00,23:00,0.0,
05.10.2021,23:00,00:00,0.0,
06.10.2021,00:00,01:00,0.0,
06.10.2021,01:00,02:00,0.0,
06.10.2021,02:00,03:00,0.0,
06.10.2021,03:00,04:00,0.0,
06.10.2021,04:00,05:00,0.0,
06.10.2021,05:00,06:00,0.0,
06.10.2021,06:00,07:00,0.0,
06.10.2021,07:00,08:00,0.0,
06.10.2021,08:00,09:00,0.0,
06.10.2021,09:00,10:00,0.0,
06.10.2021,10:00,11:00,0.0,
06.10.2021,11:00,12:00,0.0,
06.10.2021,12:00,13:00,0.0,
06.10.2021,13:00,14:00,0.0,
06.10.2021,14:00,15:00,0.0,
06.10.2021,15:00,16:00,102.0,
06.10.2021,16:00,17:00,241.0,
06.10.2021,17:00,18:00,351.0,
06.10.2021,18:00,19:00,408.0,
06.10.2021,19:00,20:00,415.0,
06.10.2021,20:00,21:00,413.0,
06.10.2021,21:00,22:00,400.0,
06.10.2021,22:00,23:00,383.0,
06.10.2021,23:00,00:00,339.0,
07.10.2021,00:00,01:00,324.0,
07.10.2021,01:00,02:00,292.0,
07.10.2021,02:00,03:00,292.0,
07.10.2021,03:00,04:00,303.0,
07.10.2021,04:00,05:00,292.0,
07.10.2021,05:00,06:00,338.0,
07.10.2021,06:00,07:00,369.0,
07.10.2021,07:00,08:00,404.0,
07.10.2021,08:00,09:00,374.0,
07.10.2021,09:00,10:00,387.0,
07.10.2021,10:00,11:00,372.0,
07.10.2021,11:00,12:00,351.0,
07.10.2021,12:00,13:00,326.0,
07.10.2021,13:00,14:00,303.0,
07.10.2021,14:00,15:00,305.0,
07.10.2021,15:00,16:00,307.0,
07.10.2021,16:00,17:00,318.0,
07.10.2021,17:00,18:00,326.0,
07.10.2021,18:00,19:00,330.0,
07.10.2021,19:00,20:00,339.0,
07.10.2021,20:00,21:00,357.0,
07.10.2021,21:00,22:00,352.0,
07.10.2021,22:00,23:00,298.0,
07.10.2021,23:00,00:00,0.0,
08.10.2021,00:00,01:00,0.0,
08.10.2021,01:00,02:00,0.0,
08.10.2021,02:00,03:00,0.0,
08.10.2021,03:00,04:00,0.0,
08.10.2021,04:00,05:00,0.0,
08.10.2021,05:00,06:00,0.0,
08.10.2021,06:00,07:00,255.0,
08.10.2021,07:00,08:00,415.0,
08.10.2021,08:00,09:00,426.0,
08.10.2021,09:00,10:00,428.0,
08.10.2021,10:00,11:00,404.0,
08.10.2021,11:00,12:00,388.0,
08.10.2021,12:00,13:00,268.0,
08.10.2021,13:00,14:00,209.0,
08.10.2021,14:00,15:00,209.0,
08.10.2021,15:00,16:00,209.0,
08.10.2021,16:00,17:00,248.0,
08.10.2021,17:00,18:00,369.0,
08.10.2021,18:00,19:00,359.0,
08.10.2021,19:00,20:00,391.0,
08.10.2021,20:00,21:00,296.0,
08.10.2021,21:00,22:00,0.0,
08.10.2021,22:00,23:00,0.0,
08.10.2021,23:00,00:00,0.0,
09.10.2021,00:00,01:00,0.0,
09.10.2021,01:00,02:00,0.0,
09.10.2021,02:00,03:00,0.0,
09.10.2021,03:00,04:00,0.0,
09.10.2021,04:00,05:00,0.0,
09.10.2021,05:00,06:00,0.0,
09.10.2021,06:00,07:00,0.0,
09.10.2021,07:00,08:00,0.0,
09.10.2021,08:00,09:00,0.0,
09.10.2021,09:00,10:00,0.0,
09.10.2021,10:00,11:00,0.0,
09.10.2021,11:00,12:00,0.0,
09.10.2021,12:00,13:00,0.0,
09.10.2021,13:00,14:00,0.0,
09.10.2021,14:00,15:00,0.0,
09.10.2021,15:00,16:00,0.0,
09.10.2021,16:00,17:00,0.0,
09.10.2021,17:00,18:00,0.0,
09.10.2021,18:00,19:00,0.0,
09.10.2021,19:00,20:00,0.0,
09.10.2021,20:00,21:00,0.0,
09.10.2021,21:00,22:00,0.0,
09.10.2021,22:00,23:00,0.0,
09.10.2021,23:00,00:00,0.0,
10.10.2021,00:00,01:00,0.0,
10.10.2021,01:00,02:00,0.0,
10.10.2021,02:00,03:00,0.0,
10.10.2021,03:00,04:00,0.0,
10.10.2021,04:00,05:00,0.0,
10.10.2021,05:00,06:00,0.0,
10.10.2021,06:00,07:00,0.0,
10.10.2021,07:00,08:00,0.0,
10.10.2021,08:00,09:00,0.0,
10.10.2021,09:00,10:00,0.0,
10.10.2021,10:00,11:00,0.0,
10.10.2021,11:00,12:00,0.0,
10.10.2021,12:00,13:00,0.0,
10.10.2021,13:00,14:00,0.0,
10.10.2021,14:00,15:00,0.0,
10.10.2021,15:00,16:00,0.0,
10.10.2021,16:00,17:00,0.0,
10.10.2021,17:00,18:00,0.0,
10.10.2021,18:00,19:00,0.0,
10.10.2021,19:00,20:00,0.0,
10.10.2021,20:00,21:00,0.0,
10.10.2021,21:00,22:00,0.0,
10.10.2021,22:00,23:00,0.0,
10.10.2021,23:00,00:00,0.0,
11.10.2021,00:00,01:00,0.0,
11.10.2021,01:00,02:00,0.0,
11.10.2021,02:00,03:00,0.0,
11.10.2021,03:00,04:00,0.0,
11.10.2021,04:00,05:00,0.0,
11.10.2021,05:00,06:00,0.0,
11.10.2021,06:00,07:00,0.0,
11.10.2021,07:00,08:00,0.0,
11.10.2021,08:00,09:00,148.0,
11.10.2021,09:00,10:00,319.0,
11.10.2021,10:00,11:00,401.0,
11.10.2021,11:00,12:00,402.0,
11.10.2021,12:00,13:00,401.0,
11.10.2021,13:00,14:00,401.0,
11.10.2021,14:00,15:00,401.0,
11.10.2021,15:00,16:00,401.0,
11.10.2021,16:00,17:00,402.0,
11.10.2021,17:00,18:00,401.0,
11.10.2021,18:00,19:00,401.0,
11.10.2021,19:00,20:00,402.0,
11.10.2021,20:00,21:00,401.0,
11.10.2021,21:00,22:00,402.0,
11.10.2021,22:00,23:00,402.0,
11.10.2021,23:00,00:00,90.0,
12.10.2021,00:00,01:00,0.0,
12.10.2021,01:00,02:00,0.0,
12.10.2021,02:00,03:00,0.0,
12.10.2021,03:00,04:00,0.0,
12.10.2021,04:00,05:00,0.0,
12.10.2021,05:00,06:00,0.0,
12.10.2021,06:00,07:00,257.0,
12.10.2021,07:00,08:00,389.0,
12.10.2021,08:00,09:00,418.0,
12.10.2021,09:00,10:00,432.0,
12.10.2021,10:00,11:00,433.0,
12.10.2021,11:00,12:00,302.0,
12.10.2021,12:00,13:00,0.0,
12.10.2021,13:00,14:00,0.0,
12.10.2021,14:00,15:00,0.0,
12.10.2021,15:00,16:00,0.0,
12.10.2021,16:00,17:00,229.0,
12.10.2021,17:00,18:00,367.0,
12.10.2021,18:00,19:00,418.0,
12.10.2021,19:00,20:00,365.0,
12.10.2021,20:00,21:00,379.0,
12.10.2021,21:00,22:00,299.0,
12.10.2021,22:00,23:00,0.0,
12.10.2021,23:00,00:00,0.0,
13.10.2021,00:00,01:00,0.0,
13.10.2021,01:00,02:00,0.0,
13.10.2021,02:00,03:00,0.0,
13.10.2021,03:00,04:00,0.0,
13.10.2021,04:00,05:00,0.0,
13.10.2021,05:00,06:00,0.0,
13.10.2021,06:00,07:00,254.0,
13.10.2021,07:00,08:00,416.0,
13.10.2021,08:00,09:00,431.0,
13.10.2021,09:00,10:00,432.0,
13.10.2021,10:00,11:00,421.0,
13.10.2021,11:00,12:00,378.0,
13.10.2021,12:00,13:00,361.0,
13.10.2021,13:00,14:00,392.0,
13.10.2021,14:00,15:00,383.0,
13.10.2021,15:00,16:00,341.0,
13.10.2021,16:00,17:00,318.0,
13.10.2021,17:00,18:00,401.0,
13.10.2021,18:00,19:00,396.0,
13.10.2021,19:00,20:00,423.0,
13.10.2021,20:00,21:00,364.0,
13.10.2021,21:00,22:00,369.0,
13.10.2021,22:00,23:00,302.0,
13.10.2021,23:00,00:00,0.0,
14.10.2021,00:00,01:00,0.0,
14.10.2021,01:00,02:00,0.0,
14.10.2021,02:00,03:00,0.0,
14.10.2021,03:00,04:00,0.0,
14.10.2021,04:00,05:00,0.0,
14.10.2021,05:00,06:00,0.0,
14.10.2021,06:00,07:00,0.0,
14.10.2021,07:00,08:00,0.0,
14.10.2021,08:00,09:00,0.0,
14.10.2021,09:00,10:00,0.0,
14.10.2021,10:00,11:00,0.0,
14.10.2021,11:00,12:00,0.0,
14.10.2021,12:00,13:00,0.0,
14.10.2021,13:00,14:00,0.0,
14.10.2021,14:00,15:00,0.0,
14.10.2021,15:00,16:00,0.0,
14.10.2021,16:00,17:00,0.0,
14.10.2021,17:00,18:00,0.0,
14.10.2021,18:00,19:00,0.0,
14.10.2021,19:00,20:00,0.0,
14.10.2021,20:00,21:00,0.0,
14.10.2021,21:00,22:00,0.0,
14.10.2021,22:00,23:00,0.0,
14.10.2021,23:00,00:00,0.0,
15.10.2021,00:00,01:00,0.0,
15.10.2021,01:00,02:00,0.0,
15.10.2021,02:00,03:00,0.0,
15.10.2021,03:00,04:00,0.0,
15.10.2021,04:00,05:00,0.0,
15.10.2021,05:00,06:00,0.0,
15.10.2021,06:00,07:00,0.0,
15.10.2021,07:00,08:00,0.0,
15.10.2021,08:00,09:00,0.0,
15.10.2021,09:00,10:00,0.0,
15.10.2021,10:00,11:00,0.0,
15.10.2021,11:00,12:00,0.0,
15.10.2021,12:00,13:00,0.0,
15.10.2021,13:00,14:00,0.0,
15.10.2021,14:00,15:00,0.0,
15.10.2021,15:00,16:00,0.0,
15.10.2021,16:00,17:00,0.0,
15.10.2021,17:00,18:00,0.0,
15.10.2021,18:00,19:00,0.0,
15.10.2021,19:00,20:00,0.0,
15.10.2021,20:00,21:00,0.0,
15.10.2021,21:00,22:00,0.0,
15.10.2021,22:00,23:00,0.0,
15.10.2021,23:00,00:00,0.0,
16.10.2021,00:00,01:00,0.0,
16.10.2021,01:00,02:00,0.0,
16.10.2021,02:00,03:00,0.0,
16.10.2021,03:00,04:00,0.0,
16.10.2021,04:00,05:00,0.0,
16.10.2021,05:00,06:00,0.0,
16.10.2021,06:00,07:00,0.0,
16.10.2021,07:00,08:00,0.0,
16.10.2021,08:00,09:00,0.0,
16.10.2021,09:00,10:00,0.0,
16.10.2021,10:00,11:00,0.0,
16.10.2021,11:00,12:00,0.0,
16.10.2021,12:00,13:00,0.0,
16.10.2021,13:00,14:00,0.0,
16.10.2021,14:00,15:00,0.0,
16.10.2021,15:00,16:00,0.0,
16.10.2021,16:00,17:00,0.0,
16.10.2021,17:00,18:00,0.0,
16.10.2021,18:00,19:00,0.0,
16.10.2021,19:00,20:00,0.0,
16.10.2021,20:00,21:00,0.0,
16.10.2021,21:00,22:00,0.0,
16.10.2021,22:00,23:00,0.0,
16.10.2021,23:00,00:00,0.0,
17.10.2021,00:00,01:00,0.0,
17.10.2021,01:00,02:00,0.0,
17.10.2021,02:00,03:00,0.0,
17.10.2021,03:00,04:00,0.0,
17.10.2021,04:00,05:00,0.0,
17.10.2021,05:00,06:00,0.0,
17.10.2021,06:00,07:00,0.0,
17.10.2021,07:00,08:00,0.0,
17.10.2021,08:00,09:00,0.0,
17.10.2021,09:00,10:00,0.0,
17.10.2021,10:00,11:00,0.0,
17.10.2021,11:00,12:00,0.0,
17.10.2021,12:00,13:00,0.0,
17.10.2021,13:00,14:00,0.0,
17.10.2021,14:00,15:00,0.0,
17.10.2021,15:00,16:00,0.0,
17.10.2021,16:00,17:00,0.0,
17.10.2021,17:00,18:00,0.0,
17.10.2021,18:00,19:00,0.0,
17.10.2021,19:00,20:00,0.0,
17.10.2021,20:00,21:00,0.0,
17.10.2021,21:00,22:00,0.0,
17.10.2021,22:00,23:00,0.0,
17.10.2021,23:00,00:00,0.0,
18.10.2021,00:00,01:00,0.0,
18.10.2021,01:00,02:00,0.0,
18.10.2021,02:00,03:00,0.0,
18.10.2021,03:00,04:00,0.0,
18.10.2021,04:00,05:00,0.0,
18.10.2021,05:00,06:00,0.0,
18.10.2021,06:00,07:00,124.0,
18.10.2021,07:00,08:00,241.0,
18.10.2021,08:00,09:00,351.0,
18.10.2021,09:00,10:00,424.0,
18.10.2021,10:00,11:00,427.0,
18.10.2021,11:00,12:00,401.0,
18.10.2021,12:00,13:00,300.0,
18.10.2021,13:00,14:00,234.0,
18.10.2021,14:00,15:00,217.0,
18.10.2021,15:00,16:00,221.0,
18.10.2021,16:00,17:00,347.0,
18.10.2021,17:00,18:00,406.0,
18.10.2021,18:00,19:00,420.0,
18.10.2021,19:00,20:00,414.0,
18.10.2021,20:00,21:00,409.0,
18.10.2021,21:00,22:00,322.0,
18.10.2021,22:00,23:00,266.0,
18.10.2021,23:00,00:00,0.0,
19.10.2021,00:00,01:00,0.0,
19.10.2021,01:00,02:00,0.0,
19.10.2021,02:00,03:00,0.0,
19.10.2021,03:00,04:00,0.0,
19.10.2021,04:00,05:00,0.0,
19.10.2021,05:00,06:00,0.0,
19.10.2021,06:00,07:00,0.0,
19.10.2021,07:00,08:00,0.0,
19.10.2021,08:00,09:00,0.0,
19.10.2021,09:00,10:00,0.0,
19.10.2021,10:00,11:00,0.0,
19.10.2021,11:00,12:00,0.0,
19.10.2021,12:00,13:00,0.0,
19.10.2021,13:00,14:00,0.0,
19.10.2021,14:00,15:00,0.0,
19.10.2021,15:00,16:00,0.0,
19.10.2021,16:00,17:00,0.0,
19.10.2021,17:00,18:00,0.0,
19.10.2021,18:00,19:00,0.0,
19.10.2021,19:00,20:00,0.0,
19.10.2021,20:00,21:00,0.0,
19.10.2021,21:00,22:00,0.0,
19.10.2021,22:00,23:00,0.0,
19.10.2021,23:00,00:00,0.0,
20.10.2021,00:00,01:00,0.0,
20.10.2021,01:00,02:00,0.0,
20.10.2021,02:00,03:00,0.0,
20.10.2021,03:00,04:00,0.0,
20.10.2021,04:00,05:00,148.0,
20.10.2021,05:00,06:00,250.0,
20.10.2021,06:00,07:00,242.0,
20.10.2021,07:00,08:00,276.0,
20.10.2021,08:00,09:00,237.0,
20.10.2021,09:00,10:00,237.0,
20.10.2021,10:00,11:00,212.0,
20.10.2021,11:00,12:00,212.0,
20.10.2021,12:00,13:00,212.0,
20.10.2021,13:00,14:00,212.0,
20.10.2021,14:00,15:00,212.0,
20.10.2021,15:00,16:00,212.0,
20.10.2021,16:00,17:00,212.0,
20.10.2021,17:00,18:00,212.0,
20.10.2021,18:00,19:00,212.0,
20.10.2021,19:00,20:00,212.0,
20.10.2021,20:00,21:00,212.0,
20.10.2021,21:00,22:00,212.0,
20.10.2021,22:00,23:00,212.0,
20.10.2021,23:00,00:00,211.0,
21.10.2021,00:00,01:00,22.0,
21.10.2021,01:00,02:00,0.0,
21.10.2021,02:00,03:00,0.0,
21.10.2021,03:00,04:00,0.0,
21.10.2021,04:00,05:00,0.0,
21.10.2021,05:00,06:00,0.0,
21.10.2021,06:00,07:00,48.0,
21.10.2021,07:00,08:00,227.0,
21.10.2021,08:00,09:00,219.0,
21.10.2021,09:00,10:00,212.0,
21.10.2021,10:00,11:00,212.0,
21.10.2021,11:00,12:00,212.0,
21.10.2021,12:00,13:00,212.0,
21.10.2021,13:00,14:00,211.0,
21.10.2021,14:00,15:00,212.0,
21.10.2021,15:00,16:00,211.0,
21.10.2021,16:00,17:00,212.0,
21.10.2021,17:00,18:00,211.0,
21.10.2021,18:00,19:00,211.0,
21.10.2021,19:00,20:00,217.0,
21.10.2021,20:00,21:00,398.0,
21.10.2021,21:00,22:00,409.0,
21.10.2021,22:00,23:00,262.0,
21.10.2021,23:00,00:00,212.0,
22.10.2021,00:00,01:00,212.0,
22.10.2021,01:00,02:00,212.0,
22.10.2021,02:00,03:00,211.0,
22.10.2021,03:00,04:00,211.0,
22.10.2021,04:00,05:00,212.0,
22.10.2021,05:00,06:00,212.0,
22.10.2021,06:00,07:00,212.0,
22.10.2021,07:00,08:00,211.0,
22.10.2021,08:00,09:00,212.0,
22.10.2021,09:00,10:00,211.0,
22.10.2021,10:00,11:00,211.0,
22.10.2021,11:00,12:00,23.0,
22.10.2021,12:00,13:00,0.0,
22.10.2021,13:00,14:00,0.0,
22.10.2021,14:00,15:00,0.0,
22.10.2021,15:00,16:00,0.0,
22.10.2021,16:00,17:00,0.0,
22.10.2021,17:00,18:00,0.0,
22.10.2021,18:00,19:00,0.0,
22.10.2021,19:00,20:00,0.0,
22.10.2021,20:00,21:00,0.0,
22.10.2021,21:00,22:00,0.0,
22.10.2021,22:00,23:00,0.0,
22.10.2021,23:00,00:00,0.0,
23.10.2021,00:00,01:00,0.0,
23.10.2021,01:00,02:00,0.0,
23.10.2021,02:00,03:00,0.0,
23.10.2021,03:00,04:00,0.0,
23.10.2021,04:00,05:00,0.0,
23.10.2021,05:00,06:00,0.0,
23.10.2021,06:00,07:00,72.0,
23.10.2021,07:00,08:00,226.0,
23.10.2021,08:00,09:00,213.0,
23.10.2021,09:00,10:00,297.0,
23.10.2021,10:00,11:00,213.0,
23.10.2021,11:00,12:00,212.0,
23.10.2021,12:00,13:00,211.0,
23.10.2021,13:00,14:00,212.0,
23.10.2021,14:00,15:00,212.0,
23.10.2021,15:00,16:00,251.0,
23.10.2021,16:00,17:00,260.0,
23.10.2021,17:00,18:00,319.0,
23.10.2021,18:00,19:00,416.0,
23.10.2021,19:00,20:00,411.0,
23.10.2021,20:00,21:00,397.0,
23.10.2021,21:00,22:00,387.0,
23.10.2021,22:00,23:00,394.0,
23.10.2021,23:00,00:00,280.0,
24.10.2021,00:00,01:00,0.0,
24.10.2021,01:00,02:00,0.0,
24.10.2021,02:00,03:00,0.0,
24.10.2021,03:00,04:00,0.0,
24.10.2021,04:00,05:00,0.0,
24.10.2021,05:00,06:00,0.0,
24.10.2021,06:00,07:00,0.0,
24.10.2021,07:00,08:00,0.0,
24.10.2021,08:00,09:00,0.0,
24.10.2021,09:00,10:00,0.0,
24.10.2021,10:00,11:00,0.0,
24.10.2021,11:00,12:00,0.0,
24.10.2021,12:00,13:00,0.0,
24.10.2021,13:00,14:00,0.0,
24.10.2021,14:00,15:00,0.0,
24.10.2021,15:00,16:00,0.0,
24.10.2021,16:00,17:00,0.0,
24.10.2021,17:00,18:00,0.0,
24.10.2021,18:00,19:00,0.0,
24.10.2021,19:00,20:00,0.0,
24.10.2021,20:00,21:00,0.0,
24.10.2021,21:00,22:00,0.0,
24.10.2021,22:00,23:00,0.0,
24.10.2021,23:00,00:00,0.0,
25.10.2021,00:00,01:00,0.0,
25.10.2021,01:00,02:00,0.0,
25.10.2021,02:00,03:00,0.0,
25.10.2021,03:00,04:00,0.0,
25.10.2021,04:00,05:00,0.0,
25.10.2021,05:00,06:00,0.0,
25.10.2021,06:00,07:00,143.0,
25.10.2021,07:00,08:00,319.0,
25.10.2021,08:00,09:00,426.0,
25.10.2021,09:00,10:00,428.0,
25.10.2021,10:00,11:00,416.0,
25.10.2021,11:00,12:00,407.0,
25.10.2021,12:00,13:00,431.0,
25.10.2021,13:00,14:00,419.0,
25.10.2021,14:00,15:00,370.0,
25.10.2021,15:00,16:00,417.0,
25.10.2021,16:00,17:00,404.0,
25.10.2021,17:00,18:00,422.0,
25.10.2021,18:00,19:00,423.0,
25.10.2021,19:00,20:00,424.0,
25.10.2021,20:00,21:00,400.0,
25.10.2021,21:00,22:00,352.0,
25.10.2021,22:00,23:00,372.0,
25.10.2021,23:00,00:00,239.0,
26.10.2021,00:00,01:00,0.0,
26.10.2021,01:00,02:00,0.0,
26.10.2021,02:00,03:00,0.0,
26.10.2021,03:00,04:00,0.0,
26.10.2021,04:00,05:00,0.0,
26.10.2021,05:00,06:00,0.0,
26.10.2021,06:00,07:00,41.0,
26.10.2021,07:00,08:00,411.0,
26.10.2021,08:00,09:00,429.0,
26.10.2021,09:00,10:00,432.0,
26.10.2021,10:00,11:00,425.0,
26.10.2021,11:00,12:00,337.0,
26.10.2021,12:00,13:00,317.0,
26.10.2021,13:00,14:00,285.0,
26.10.2021,14:00,15:00,286.0,
26.10.2021,15:00,16:00,305.0,
26.10.2021,16:00,17:00,315.0,
26.10.2021,17:00,18:00,336.0,
26.10.2021,18:00,19:00,385.0,
26.10.2021,19:00,20:00,366.0,
26.10.2021,20:00,21:00,315.0,
26.10.2021,21:00,22:00,261.0,
26.10.2021,22:00,23:00,0.0,
26.10.2021,23:00,00:00,0.0,
27.10.2021,00:00,01:00,0.0,
27.10.2021,01:00,02:00,0.0,
27.10.2021,02:00,03:00,0.0,
27.10.2021,03:00,04:00,0.0,
27.10.2021,04:00,05:00,0.0,
27.10.2021,05:00,06:00,0.0,
27.10.2021,06:00,07:00,0.0,
27.10.2021,07:00,08:00,0.0,
27.10.2021,08:00,09:00,0.0,
27.10.2021,09:00,10:00,0.0,
27.10.2021,10:00,11:00,0.0,
27.10.2021,11:00,12:00,0.0,
27.10.2021,12:00,13:00,0.0,
27.10.2021,13:00,14:00,0.0,
27.10.2021,14:00,15:00,0.0,
27.10.2021,15:00,16:00,0.0,
27.10.2021,16:00,17:00,0.0,
27.10.2021,17:00,18:00,0.0,
27.10.2021,18:00,19:00,0.0,
27.10.2021,19:00,20:00,0.0,
27.10.2021,20:00,21:00,0.0,
27.10.2021,21:00,22:00,0.0,
27.10.2021,22:00,23:00,0.0,
27.10.2021,23:00,00:00,0.0,
28.10.2021,00:00,01:00,0.0,
28.10.2021,01:00,02:00,0.0,
28.10.2021,02:00,03:00,0.0,
28.10.2021,03:00,04:00,0.0,
28.10.2021,04:00,05:00,0.0,
28.10.2021,05:00,06:00,0.0,
28.10.2021,06:00,07:00,0.0,
28.10.2021,07:00,08:00,0.0,
28.10.2021,08:00,09:00,0.0,
28.10.2021,09:00,10:00,0.0,
28.10.2021,10:00,11:00,0.0,
28.10.2021,11:00,12:00,0.0,
28.10.2021,12:00,13:00,0.0,
28.10.2021,13:00,14:00,0.0,
28.10.2021,14:00,15:00,0.0,
28.10.2021,15:00,16:00,0.0,
28.10.2021,16:00,17:00,0.0,
28.10.2021,17:00,18:00,0.0,
28.10.2021,18:00,19:00,0.0,
28.10.2021,19:00,20:00,0.0,
28.10.2021,20:00,21:00,0.0,
28.10.2021,21:00,22:00,0.0,
28.10.2021,22:00,23:00,0.0,
28.10.2021,23:00,00:00,0.0,
29.10.2021,00:00,01:00,0.0,
29.10.2021,01:00,02:00,0.0,
29.10.2021,02:00,03:00,0.0,
29.10.2021,03:00,04:00,0.0,
29.10.2021,04:00,05:00,0.0,
29.10.2021,05:00,06:00,0.0,
29.10.2021,06:00,07:00,0.0,
29.10.2021,07:00,08:00,0.0,
29.10.2021,08:00,09:00,0.0,
29.10.2021,09:00,10:00,0.0,
29.10.2021,10:00,11:00,0.0,
29.10.2021,11:00,12:00,0.0,
29.10.2021,12:00,13:00,0.0,
29.10.2021,13:00,14:00,0.0,
29.10.2021,14:00,15:00,0.0,
29.10.2021,15:00,16:00,0.0,
29.10.2021,16:00,17:00,0.0,
29.10.2021,17:00,18:00,0.0,
29.10.2021,18:00,19:00,0.0,
29.10.2021,19:00,20:00,0.0,
29.10.2021,20:00,21:00,0.0,
29.10.2021,21:00,22:00,0.0,
29.10.2021,22:00,23:00,0.0,
29.10.2021,23:00,00:00,0.0,
30.10.2021,00:00,01:00,0.0,
30.10.2021,01:00,02:00,0.0,
30.10.2021,02:00,03:00,0.0,
30.10.2021,03:00,04:00,0.0,
30.10.2021,04:00,05:00,0.0,
30.10.2021,05:00,06:00,0.0,
30.10.2021,06:00,07:00,0.0,
30.10.2021,07:00,08:00,0.0,
30.10.2021,08:00,09:00,0.0,
30.10.2021,09:00,10:00,0.0,
30.10.2021,10:00,11:00,0.0,
30.10.2021,11:00,12:00,0.0,
30.10.2021,12:00,13:00,0.0,
30.10.2021,13:00,14:00,0.0,
30.10.2021,14:00,15:00,0.0,
30.10.2021,15:00,16:00,0.0,
30.10.2021,16:00,17:00,0.0,
30.10.2021,17:00,18:00,0.0,
30.10.2021,18:00,19:00,0.0,
30.10.2021,19:00,20:00,0.0,
30.10.2021,20:00,21:00,0.0,
30.10.2021,21:00,22:00,0.0,
30.10.2021,22:00,23:00,0.0,
30.10.2021,23:00,00:00,0.0,
31.10.2021,00:00,01:00,0.0,
31.10.2021,01:00,02:00,0.0,
31.10.2021,02:00,03:00,0.0,
31.10.2021,02:00,03:00,0.0,
31.10.2021,03:00,04:00,0.0,
31.10.2021,04:00,05:00,0.0,
31.10.2021,05:00,06:00,0.0,
31.10.2021,06:00,07:00,0.0,
31.10.2021,07:00,08:00,0.0,
31.10.2021,08:00,09:00,0.0,
31.10.2021,09:00,10:00,0.0,
31.10.2021,10:00,11:00,0.0,
31.10.2021,11:00,12:00,0.0,
31.10.2021,12:00,13:00,0.0,
31.10.2021,13:00,14:00,0.0,
31.10.2021,14:00,15:00,0.0,
31.10.2021,15:00,16:00,0.0,
31.10.2021,16:00,17:00,0.0,
31.10.2021,17:00,18:00,0.0,
31.10.2021,18:00,19:00,0.0,
31.10.2021,19:00,20:00,0.0,
31.10.2021,20:00,21:00,0.0,
31.10.2021,21:00,22:00,0.0,
31.10.2021,22:00,23:00,0.0,
31.10.2021,23:00,00:00,0.0,
01.11.2021,00:00,01:00,0.0,
01.11.2021,01:00,02:00,0.0,
01.11.2021,02:00,03:00,0.0,
01.11.2021,03:00,04:00,0.0,
01.11.2021,04:00,05:00,0.0,
01.11.2021,05:00,06:00,0.0,
01.11.2021,06:00,07:00,0.0,
01.11.2021,07:00,08:00,0.0,
01.11.2021,08:00,09:00,0.0,
01.11.2021,09:00,10:00,0.0,
01.11.2021,10:00,11:00,0.0,
01.11.2021,11:00,12:00,0.0,
01.11.2021,12:00,13:00,0.0,
01.11.2021,13:00,14:00,0.0,
01.11.2021,14:00,15:00,0.0,
01.11.2021,15:00,16:00,0.0,
01.11.2021,16:00,17:00,0.0,
01.11.2021,17:00,18:00,0.0,
01.11.2021,18:00,19:00,0.0,
01.11.2021,19:00,20:00,0.0,
01.11.2021,20:00,21:00,0.0,
01.11.2021,21:00,22:00,0.0,
01.11.2021,22:00,23:00,0.0,
01.11.2021,23:00,00:00,0.0,
02.11.2021,00:00,01:00,0.0,
02.11.2021,01:00,02:00,0.0,
02.11.2021,02:00,03:00,0.0,
02.11.2021,03:00,04:00,0.0,
02.11.2021,04:00,05:00,0.0,
02.11.2021,05:00,06:00,0.0,
02.11.2021,06:00,07:00,103.0,
02.11.2021,07:00,08:00,242.0,
02.11.2021,08:00,09:00,351.0,
02.11.2021,09:00,10:00,412.0,
02.11.2021,10:00,11:00,413.0,
02.11.2021,11:00,12:00,414.0,
02.11.2021,12:00,13:00,415.0,
02.11.2021,13:00,14:00,415.0,
02.11.2021,14:00,15:00,414.0,
02.11.2021,15:00,16:00,411.0,
02.11.2021,16:00,17:00,414.0,
02.11.2021,17:00,18:00,415.0,
02.11.2021,18:00,19:00,410.0,
02.11.2021,19:00,20:00,414.0,
02.11.2021,20:00,21:00,416.0,
02.11.2021,21:00,22:00,414.0,
02.11.2021,22:00,23:00,386.0,
02.11.2021,23:00,00:00,408.0,
03.11.2021,00:00,01:00,405.0,
03.11.2021,01:00,02:00,402.0,
03.11.2021,02:00,03:00,392.0,
03.11.2021,03:00,04:00,315.0,
03.11.2021,04:00,05:00,300.0,
03.11.2021,05:00,06:00,376.0,
03.11.2021,06:00,07:00,421.0,
03.11.2021,07:00,08:00,426.0,
03.11.2021,08:00,09:00,425.0,
03.11.2021,09:00,10:00,425.0,
03.11.2021,10:00,11:00,426.0,
03.11.2021,11:00,12:00,427.0,
03.11.2021,12:00,13:00,427.0,
03.11.2021,13:00,14:00,426.0,
03.11.2021,14:00,15:00,426.0,
03.11.2021,15:00,16:00,426.0,
03.11.2021,16:00,17:00,426.0,
03.11.2021,17:00,18:00,427.0,
03.11.2021,18:00,19:00,428.0,
03.11.2021,19:00,20:00,428.0,
03.11.2021,20:00,21:00,428.0,
03.11.2021,21:00,22:00,416.0,
03.11.2021,22:00,23:00,426.0,
03.11.2021,23:00,00:00,426.0,
04.11.2021,00:00,01:00,390.0,
04.11.2021,01:00,02:00,365.0,
04.11.2021,02:00,03:00,321.0,
04.11.2021,03:00,04:00,306.0,
04.11.2021,04:00,05:00,336.0,
04.11.2021,05:00,06:00,378.0,
04.11.2021,06:00,07:00,381.0,
04.11.2021,07:00,08:00,403.0,
04.11.2021,08:00,09:00,421.0,
04.11.2021,09:00,10:00,418.0,
04.11.2021,10:00,11:00,427.0,
04.11.2021,11:00,12:00,415.0,
04.11.2021,12:00,13:00,390.0,
04.11.2021,13:00,14:00,391.0,
04.11.2021,14:00,15:00,355.0,
04.11.2021,15:00,16:00,321.0,
04.11.2021,16:00,17:00,352.0,
04.11.2021,17:00,18:00,412.0,
04.11.2021,18:00,19:00,376.0,
04.11.2021,19:00,20:00,349.0,
04.11.2021,20:00,21:00,241.0,
04.11.2021,21:00,22:00,247.0,
04.11.2021,22:00,23:00,0.0,
04.11.2021,23:00,00:00,0.0,
05.11.2021,00:00,01:00,0.0,
05.11.2021,01:00,02:00,0.0,
05.11.2021,02:00,03:00,0.0,
05.11.2021,03:00,04:00,0.0,
05.11.2021,04:00,05:00,0.0,
05.11.2021,05:00,06:00,4.0,
05.11.2021,06:00,07:00,324.0,
05.11.2021,07:00,08:00,418.0,
05.11.2021,08:00,09:00,404.0,
05.11.2021,09:00,10:00,233.0,
05.11.2021,10:00,11:00,418.0,
05.11.2021,11:00,12:00,423.0,
05.11.2021,12:00,13:00,398.0,
05.11.2021,13:00,14:00,408.0,
05.11.2021,14:00,15:00,412.0,
05.11.2021,15:00,16:00,420.0,
05.11.2021,16:00,17:00,416.0,
05.11.2021,17:00,18:00,396.0,
05.11.2021,18:00,19:00,391.0,
05.11.2021,19:00,20:00,368.0,
05.11.2021,20:00,21:00,356.0,
05.11.2021,21:00,22:00,389.0,
05.11.2021,22:00,23:00,360.0,
05.11.2021,23:00,00:00,253.0,
06.11.2021,00:00,01:00,212.0,
06.11.2021,01:00,02:00,211.0,
06.11.2021,02:00,03:00,211.0,
06.11.2021,03:00,04:00,212.0,
06.11.2021,04:00,05:00,217.0,
06.11.2021,05:00,06:00,373.0,
06.11.2021,06:00,07:00,411.0,
06.11.2021,07:00,08:00,412.0,
06.11.2021,08:00,09:00,402.0,
06.11.2021,09:00,10:00,402.0,
06.11.2021,10:00,11:00,401.0,
06.11.2021,11:00,12:00,402.0,
06.11.2021,12:00,13:00,401.0,
06.11.2021,13:00,14:00,405.0,
06.11.2021,14:00,15:00,223.0,
06.11.2021,15:00,16:00,400.0,
06.11.2021,16:00,17:00,223.0,
06.11.2021,17:00,18:00,407.0,
06.11.2021,18:00,19:00,89.0,
06.11.2021,19:00,20:00,0.0,
06.11.2021,20:00,21:00,0.0,
06.11.2021,21:00,22:00,0.0,
06.11.2021,22:00,23:00,0.0,
06.11.2021,23:00,00:00,0.0,
07.11.2021,00:00,01:00,0.0,
07.11.2021,01:00,02:00,0.0,
07.11.2021,02:00,03:00,0.0,
07.11.2021,03:00,04:00,0.0,
07.11.2021,04:00,05:00,0.0,
07.11.2021,05:00,06:00,0.0,
07.11.2021,06:00,07:00,0.0,
07.11.2021,07:00,08:00,0.0,
07.11.2021,08:00,09:00,0.0,
07.11.2021,09:00,10:00,0.0,
07.11.2021,10:00,11:00,0.0,
07.11.2021,11:00,12:00,0.0,
07.11.2021,12:00,13:00,0.0,
07.11.2021,13:00,14:00,0.0,
07.11.2021,14:00,15:00,0.0,
07.11.2021,15:00,16:00,0.0,
07.11.2021,16:00,17:00,0.0,
07.11.2021,17:00,18:00,0.0,
07.11.2021,18:00,19:00,0.0,
07.11.2021,19:00,20:00,0.0,
07.11.2021,20:00,21:00,0.0,
07.11.2021,21:00,22:00,0.0,
07.11.2021,22:00,23:00,0.0,
07.11.2021,23:00,00:00,0.0,
08.11.2021,00:00,01:00,0.0,
08.11.2021,01:00,02:00,0.0,
08.11.2021,02:00,03:00,0.0,
08.11.2021,03:00,04:00,0.0,
08.11.2021,04:00,05:00,0.0,
08.11.2021,05:00,06:00,0.0,
08.11.2021,06:00,07:00,68.0,
08.11.2021,07:00,08:00,249.0,
08.11.2021,08:00,09:00,355.0,
08.11.2021,09:00,10:00,380.0,
08.11.2021,10:00,11:00,371.0,
08.11.2021,11:00,12:00,370.0,
08.11.2021,12:00,13:00,422.0,
08.11.2021,13:00,14:00,405.0,
08.11.2021,14:00,15:00,429.0,
08.11.2021,15:00,16:00,430.0,
08.11.2021,16:00,17:00,431.0,
08.11.2021,17:00,18:00,431.0,
08.11.2021,18:00,19:00,433.0,
08.11.2021,19:00,20:00,433.0,
08.11.2021,20:00,21:00,434.0,
08.11.2021,21:00,22:00,425.0,
08.11.2021,22:00,23:00,419.0,
08.11.2021,23:00,00:00,426.0,
09.11.2021,00:00,01:00,389.0,
09.11.2021,01:00,02:00,354.0,
09.11.2021,02:00,03:00,323.0,
09.11.2021,03:00,04:00,371.0,
09.11.2021,04:00,05:00,303.0,
09.11.2021,05:00,06:00,336.0,
09.11.2021,06:00,07:00,405.0,
09.11.2021,07:00,08:00,435.0,
09.11.2021,08:00,09:00,420.0,
09.11.2021,09:00,10:00,348.0,
09.11.2021,10:00,11:00,287.0,
09.11.2021,11:00,12:00,259.0,
09.11.2021,12:00,13:00,225.0,
09.11.2021,13:00,14:00,252.0,
09.11.2021,14:00,15:00,311.0,
09.11.2021,15:00,16:00,364.0,
09.11.2021,16:00,17:00,413.0,
09.11.2021,17:00,18:00,387.0,
09.11.2021,18:00,19:00,376.0,
09.11.2021,19:00,20:00,376.0,
09.11.2021,20:00,21:00,302.0,
09.11.2021,21:00,22:00,302.0,
09.11.2021,22:00,23:00,0.0,
09.11.2021,23:00,00:00,0.0,
10.11.2021,00:00,01:00,0.0,
10.11.2021,01:00,02:00,0.0,
10.11.2021,02:00,03:00,0.0,
10.11.2021,03:00,04:00,0.0,
10.11.2021,04:00,05:00,0.0,
10.11.2021,05:00,06:00,151.0,
10.11.2021,06:00,07:00,359.0,
10.11.2021,07:00,08:00,428.0,
10.11.2021,08:00,09:00,430.0,
10.11.2021,09:00,10:00,428.0,
10.11.2021,10:00,11:00,374.0,
10.11.2021,11:00,12:00,421.0,
10.11.2021,12:00,13:00,426.0,
10.11.2021,13:00,14:00,423.0,
10.11.2021,14:00,15:00,435.0,
10.11.2021,15:00,16:00,437.0,
10.11.2021,16:00,17:00,437.0,
10.11.2021,17:00,18:00,437.0,
10.11.2021,18:00,19:00,438.0,
10.11.2021,19:00,20:00,437.0,
10.11.2021,20:00,21:00,439.0,
10.11.2021,21:00,22:00,410.0,
10.11.2021,22:00,23:00,405.0,
10.11.2021,23:00,00:00,401.0,
11.11.2021,00:00,01:00,309.0,
11.11.2021,01:00,02:00,0.0,
11.11.2021,02:00,03:00,0.0,
11.11.2021,03:00,04:00,0.0,
11.11.2021,04:00,05:00,0.0,
11.11.2021,05:00,06:00,251.0,
11.11.2021,06:00,07:00,390.0,
11.11.2021,07:00,08:00,421.0,
11.11.2021,08:00,09:00,412.0,
11.11.2021,09:00,10:00,423.0,
11.11.2021,10:00,11:00,425.0,
11.11.2021,11:00,12:00,427.0,
11.11.2021,12:00,13:00,432.0,
11.11.2021,13:00,14:00,433.0,
11.11.2021,14:00,15:00,429.0,
11.11.2021,15:00,16:00,432.0,
11.11.2021,16:00,17:00,435.0,
11.11.2021,17:00,18:00,438.0,
11.11.2021,18:00,19:00,439.0,
11.11.2021,19:00,20:00,439.0,
11.11.2021,20:00,21:00,433.0,
11.11.2021,21:00,22:00,423.0,
11.11.2021,22:00,23:00,397.0,
11.11.2021,23:00,00:00,395.0,
12.11.2021,00:00,01:00,409.0,
12.11.2021,01:00,02:00,239.0,
12.11.2021,02:00,03:00,228.0,
12.11.2021,03:00,04:00,229.0,
12.11.2021,04:00,05:00,379.0,
12.11.2021,05:00,06:00,385.0,
12.11.2021,06:00,07:00,375.0,
12.11.2021,07:00,08:00,222.0,
12.11.2021,08:00,09:00,257.0,
12.11.2021,09:00,10:00,426.0,
12.11.2021,10:00,11:00,424.0,
12.11.2021,11:00,12:00,414.0,
12.11.2021,12:00,13:00,256.0,
12.11.2021,13:00,14:00,261.0,
12.11.2021,14:00,15:00,253.0,
12.11.2021,15:00,16:00,252.0,
12.11.2021,16:00,17:00,257.0,
12.11.2021,17:00,18:00,422.0,
12.11.2021,18:00,19:00,420.0,
12.11.2021,19:00,20:00,361.0,
12.11.2021,20:00,21:00,303.0,
12.11.2021,21:00,22:00,0.0,
12.11.2021,22:00,23:00,0.0,
12.11.2021,23:00,00:00,0.0,
13.11.2021,00:00,01:00,0.0,
13.11.2021,01:00,02:00,0.0,
13.11.2021,02:00,03:00,0.0,
13.11.2021,03:00,04:00,0.0,
13.11.2021,04:00,05:00,0.0,
13.11.2021,05:00,06:00,0.0,
13.11.2021,06:00,07:00,0.0,
13.11.2021,07:00,08:00,0.0,
13.11.2021,08:00,09:00,0.0,
13.11.2021,09:00,10:00,235.0,
13.11.2021,10:00,11:00,412.0,
13.11.2021,11:00,12:00,417.0,
13.11.2021,12:00,13:00,417.0,
13.11.2021,13:00,14:00,417.0,
13.11.2021,14:00,15:00,417.0,
13.11.2021,15:00,16:00,417.0,
13.11.2021,16:00,17:00,417.0,
13.11.2021,17:00,18:00,417.0,
13.11.2021,18:00,19:00,418.0,
13.11.2021,19:00,20:00,418.0,
13.11.2021,20:00,21:00,419.0,
13.11.2021,21:00,22:00,416.0,
13.11.2021,22:00,23:00,420.0,
13.11.2021,23:00,00:00,298.0,
14.11.2021,00:00,01:00,0.0,
14.11.2021,01:00,02:00,0.0,
14.11.2021,02:00,03:00,0.0,
14.11.2021,03:00,04:00,0.0,
14.11.2021,04:00,05:00,0.0,
14.11.2021,05:00,06:00,0.0,
14.11.2021,06:00,07:00,0.0,
14.11.2021,07:00,08:00,0.0,
14.11.2021,08:00,09:00,0.0,
14.11.2021,09:00,10:00,0.0,
14.11.2021,10:00,11:00,0.0,
14.11.2021,11:00,12:00,0.0,
14.11.2021,12:00,13:00,0.0,
14.11.2021,13:00,14:00,0.0,
14.11.2021,14:00,15:00,0.0,
14.11.2021,15:00,16:00,0.0,
14.11.2021,16:00,17:00,0.0,
14.11.2021,17:00,18:00,0.0,
14.11.2021,18:00,19:00,0.0,
14.11.2021,19:00,20:00,0.0,
14.11.2021,20:00,21:00,0.0,
14.11.2021,21:00,22:00,0.0,
14.11.2021,22:00,23:00,0.0,
14.11.2021,23:00,00:00,0.0,
15.11.2021,00:00,01:00,0.0,
15.11.2021,01:00,02:00,0.0,
15.11.2021,02:00,03:00,0.0,
15.11.2021,03:00,04:00,0.0,
15.11.2021,04:00,05:00,0.0,
15.11.2021,05:00,06:00,0.0,
15.11.2021,06:00,07:00,148.0,
15.11.2021,07:00,08:00,320.0,
15.11.2021,08:00,09:00,431.0,
15.11.2021,09:00,10:00,433.0,
15.11.2021,10:00,11:00,433.0,
15.11.2021,11:00,12:00,433.0,
15.11.2021,12:00,13:00,432.0,
15.11.2021,13:00,14:00,433.0,
15.11.2021,14:00,15:00,436.0,
15.11.2021,15:00,16:00,436.0,
15.11.2021,16:00,17:00,437.0,
15.11.2021,17:00,18:00,437.0,
15.11.2021,18:00,19:00,436.0,
15.11.2021,19:00,20:00,436.0,
15.11.2021,20:00,21:00,437.0,
15.11.2021,21:00,22:00,434.0,
15.11.2021,22:00,23:00,424.0,
15.11.2021,23:00,00:00,420.0,
16.11.2021,00:00,01:00,419.0,
16.11.2021,01:00,02:00,362.0,
16.11.2021,02:00,03:00,401.0,
16.11.2021,03:00,04:00,347.0,
16.11.2021,04:00,05:00,363.0,
16.11.2021,05:00,06:00,365.0,
16.11.2021,06:00,07:00,386.0,
16.11.2021,07:00,08:00,415.0,
16.11.2021,08:00,09:00,424.0,
16.11.2021,09:00,10:00,429.0,
16.11.2021,10:00,11:00,437.0,
16.11.2021,11:00,12:00,435.0,
16.11.2021,12:00,13:00,437.0,
16.11.2021,13:00,14:00,436.0,
16.11.2021,14:00,15:00,434.0,
16.11.2021,15:00,16:00,435.0,
16.11.2021,16:00,17:00,436.0,
16.11.2021,17:00,18:00,432.0,
16.11.2021,18:00,19:00,400.0,
16.11.2021,19:00,20:00,434.0,
16.11.2021,20:00,21:00,424.0,
16.11.2021,21:00,22:00,413.0,
16.11.2021,22:00,23:00,380.0,
16.11.2021,23:00,00:00,372.0,
17.11.2021,00:00,01:00,296.0,
17.11.2021,01:00,02:00,0.0,
17.11.2021,02:00,03:00,0.0,
17.11.2021,03:00,04:00,0.0,
17.11.2021,04:00,05:00,0.0,
17.11.2021,05:00,06:00,0.0,
17.11.2021,06:00,07:00,253.0,
17.11.2021,07:00,08:00,417.0,
17.11.2021,08:00,09:00,423.0,
17.11.2021,09:00,10:00,424.0,
17.11.2021,10:00,11:00,425.0,
17.11.2021,11:00,12:00,361.0,
17.11.2021,12:00,13:00,362.0,
17.11.2021,13:00,14:00,434.0,
17.11.2021,14:00,15:00,432.0,
17.11.2021,15:00,16:00,430.0,
17.11.2021,16:00,17:00,436.0,
17.11.2021,17:00,18:00,437.0,
17.11.2021,18:00,19:00,425.0,
17.11.2021,19:00,20:00,404.0,
17.11.2021,20:00,21:00,192.0,
17.11.2021,21:00,22:00,0.0,
17.11.2021,22:00,23:00,0.0,
17.11.2021,23:00,00:00,0.0,
18.11.2021,00:00,01:00,0.0,
18.11.2021,01:00,02:00,0.0,
18.11.2021,02:00,03:00,0.0,
18.11.2021,03:00,04:00,0.0,
18.11.2021,04:00,05:00,0.0,
18.11.2021,05:00,06:00,0.0,
18.11.2021,06:00,07:00,0.0,
18.11.2021,07:00,08:00,0.0,
18.11.2021,08:00,09:00,0.0,
18.11.2021,09:00,10:00,0.0,
18.11.2021,10:00,11:00,0.0,
18.11.2021,11:00,12:00,0.0,
18.11.2021,12:00,13:00,0.0,
18.11.2021,13:00,14:00,0.0,
18.11.2021,14:00,15:00,0.0,
18.11.2021,15:00,16:00,0.0,
18.11.2021,16:00,17:00,0.0,
18.11.2021,17:00,18:00,0.0,
18.11.2021,18:00,19:00,0.0,
18.11.2021,19:00,20:00,0.0,
18.11.2021,20:00,21:00,0.0,
18.11.2021,21:00,22:00,0.0,
18.11.2021,22:00,23:00,0.0,
18.11.2021,23:00,00:00,0.0,
19.11.2021,00:00,01:00,0.0,
19.11.2021,01:00,02:00,0.0,
19.11.2021,02:00,03:00,0.0,
19.11.2021,03:00,04:00,0.0,
19.11.2021,04:00,05:00,0.0,
19.11.2021,05:00,06:00,0.0,
19.11.2021,06:00,07:00,0.0,
19.11.2021,07:00,08:00,0.0,
19.11.2021,08:00,09:00,0.0,
19.11.2021,09:00,10:00,0.0,
19.11.2021,10:00,11:00,0.0,
19.11.2021,11:00,12:00,0.0,
19.11.2021,12:00,13:00,0.0,
19.11.2021,13:00,14:00,0.0,
19.11.2021,14:00,15:00,0.0,
19.11.2021,15:00,16:00,0.0,
19.11.2021,16:00,17:00,0.0,
19.11.2021,17:00,18:00,0.0,
19.11.2021,18:00,19:00,0.0,
19.11.2021,19:00,20:00,0.0,
19.11.2021,20:00,21:00,0.0,
19.11.2021,21:00,22:00,0.0,
19.11.2021,22:00,23:00,0.0,
19.11.2021,23:00,00:00,0.0,
20.11.2021,00:00,01:00,0.0,
20.11.2021,01:00,02:00,0.0,
20.11.2021,02:00,03:00,0.0,
20.11.2021,03:00,04:00,0.0,
20.11.2021,04:00,05:00,0.0,
20.11.2021,05:00,06:00,0.0,
20.11.2021,06:00,07:00,0.0,
20.11.2021,07:00,08:00,0.0,
20.11.2021,08:00,09:00,0.0,
20.11.2021,09:00,10:00,0.0,
20.11.2021,10:00,11:00,0.0,
20.11.2021,11:00,12:00,0.0,
20.11.2021,12:00,13:00,0.0,
20.11.2021,13:00,14:00,0.0,
20.11.2021,14:00,15:00,0.0,
20.11.2021,15:00,16:00,0.0,
20.11.2021,16:00,17:00,0.0,
20.11.2021,17:00,18:00,0.0,
20.11.2021,18:00,19:00,0.0,
20.11.2021,19:00,20:00,0.0,
20.11.2021,20:00,21:00,0.0,
20.11.2021,21:00,22:00,0.0,
20.11.2021,22:00,23:00,0.0,
20.11.2021,23:00,00:00,0.0,
21.11.2021,00:00,01:00,0.0,
21.11.2021,01:00,02:00,0.0,
21.11.2021,02:00,03:00,0.0,
21.11.2021,03:00,04:00,0.0,
21.11.2021,04:00,05:00,0.0,
21.11.2021,05:00,06:00,0.0,
21.11.2021,06:00,07:00,0.0,
21.11.2021,07:00,08:00,0.0,
21.11.2021,08:00,09:00,0.0,
21.11.2021,09:00,10:00,0.0,
21.11.2021,10:00,11:00,0.0,
21.11.2021,11:00,12:00,0.0,
21.11.2021,12:00,13:00,0.0,
21.11.2021,13:00,14:00,0.0,
21.11.2021,14:00,15:00,0.0,
21.11.2021,15:00,16:00,0.0,
21.11.2021,16:00,17:00,0.0,
21.11.2021,17:00,18:00,0.0,
21.11.2021,18:00,19:00,0.0,
21.11.2021,19:00,20:00,0.0,
21.11.2021,20:00,21:00,0.0,
21.11.2021,21:00,22:00,0.0,
21.11.2021,22:00,23:00,0.0,
21.11.2021,23:00,00:00,0.0,
22.11.2021,00:00,01:00,0.0,
22.11.2021,01:00,02:00,0.0,
22.11.2021,02:00,03:00,0.0,
22.11.2021,03:00,04:00,0.0,
22.11.2021,04:00,05:00,0.0,
22.11.2021,05:00,06:00,0.0,
22.11.2021,06:00,07:00,121.0,
22.11.2021,07:00,08:00,241.0,
22.11.2021,08:00,09:00,351.0,
22.11.2021,09:00,10:00,421.0,
22.11.2021,10:00,11:00,425.0,
22.11.2021,11:00,12:00,400.0,
22.11.2021,12:00,13:00,380.0,
22.11.2021,13:00,14:00,381.0,
22.11.2021,14:00,15:00,385.0,
22.11.2021,15:00,16:00,428.0,
22.11.2021,16:00,17:00,439.0,
22.11.2021,17:00,18:00,441.0,
22.11.2021,18:00,19:00,443.0,
22.11.2021,19:00,20:00,429.0,
22.11.2021,20:00,21:00,398.0,
22.11.2021,21:00,22:00,302.0,
22.11.2021,22:00,23:00,0.0,
22.11.2021,23:00,00:00,0.0,
23.11.2021,00:00,01:00,0.0,
23.11.2021,01:00,02:00,0.0,
23.11.2021,02:00,03:00,0.0,
23.11.2021,03:00,04:00,0.0,
23.11.2021,04:00,05:00,0.0,
23.11.2021,05:00,06:00,0.0,
23.11.2021,06:00,07:00,253.0,
23.11.2021,07:00,08:00,418.0,
23.11.2021,08:00,09:00,436.0,
23.11.2021,09:00,10:00,438.0,
23.11.2021,10:00,11:00,430.0,
23.11.2021,11:00,12:00,428.0,
23.11.2021,12:00,13:00,428.0,
23.11.2021,13:00,14:00,437.0,
23.11.2021,14:00,15:00,432.0,
23.11.2021,15:00,16:00,445.0,
23.11.2021,16:00,17:00,445.0,
23.11.2021,17:00,18:00,445.0,
23.11.2021,18:00,19:00,441.0,
23.11.2021,19:00,20:00,441.0,
23.11.2021,20:00,21:00,440.0,
23.11.2021,21:00,22:00,413.0,
23.11.2021,22:00,23:00,399.0,
23.11.2021,23:00,00:00,250.0,
24.11.2021,00:00,01:00,335.0,
24.11.2021,01:00,02:00,340.0,
24.11.2021,02:00,03:00,317.0,
24.11.2021,03:00,04:00,316.0,
24.11.2021,04:00,05:00,409.0,
24.11.2021,05:00,06:00,391.0,
24.11.2021,06:00,07:00,391.0,
24.11.2021,07:00,08:00,442.0,
24.11.2021,08:00,09:00,441.0,
24.11.2021,09:00,10:00,441.0,
24.11.2021,10:00,11:00,442.0,
24.11.2021,11:00,12:00,441.0,
24.11.2021,12:00,13:00,442.0,
24.11.2021,13:00,14:00,441.0,
24.11.2021,14:00,15:00,441.0,
24.11.2021,15:00,16:00,441.0,
24.11.2021,16:00,17:00,441.0,
24.11.2021,17:00,18:00,440.0,
24.11.2021,18:00,19:00,441.0,
24.11.2021,19:00,20:00,436.0,
24.11.2021,20:00,21:00,413.0,
24.11.2021,21:00,22:00,409.0,
24.11.2021,22:00,23:00,415.0,
24.11.2021,23:00,00:00,305.0,
25.11.2021,00:00,01:00,0.0,
25.11.2021,01:00,02:00,0.0,
25.11.2021,02:00,03:00,0.0,
25.11.2021,03:00,04:00,0.0,
25.11.2021,04:00,05:00,49.0,
25.11.2021,05:00,06:00,353.0,
25.11.2021,06:00,07:00,393.0,
25.11.2021,07:00,08:00,433.0,
25.11.2021,08:00,09:00,433.0,
25.11.2021,09:00,10:00,436.0,
25.11.2021,10:00,11:00,432.0,
25.11.2021,11:00,12:00,425.0,
25.11.2021,12:00,13:00,425.0,
25.11.2021,13:00,14:00,426.0,
25.11.2021,14:00,15:00,426.0,
25.11.2021,15:00,16:00,426.0,
25.11.2021,16:00,17:00,426.0,
25.11.2021,17:00,18:00,422.0,
25.11.2021,18:00,19:00,409.0,
25.11.2021,19:00,20:00,405.0,
25.11.2021,20:00,21:00,274.0,
25.11.2021,21:00,22:00,0.0,
25.11.2021,22:00,23:00,0.0,
25.11.2021,23:00,00:00,0.0,
26.11.2021,00:00,01:00,0.0,
26.11.2021,01:00,02:00,0.0,
26.11.2021,02:00,03:00,0.0,
26.11.2021,03:00,04:00,0.0,
26.11.2021,04:00,05:00,0.0,
26.11.2021,05:00,06:00,0.0,
26.11.2021,06:00,07:00,255.0,
26.11.2021,07:00,08:00,411.0,
26.11.2021,08:00,09:00,417.0,
26.11.2021,09:00,10:00,419.0,
26.11.2021,10:00,11:00,420.0,
26.11.2021,11:00,12:00,371.0,
26.11.2021,12:00,13:00,404.0,
26.11.2021,13:00,14:00,361.0,
26.11.2021,14:00,15:00,359.0,
26.11.2021,15:00,16:00,327.0,
26.11.2021,16:00,17:00,356.0,
26.11.2021,17:00,18:00,407.0,
26.11.2021,18:00,19:00,319.0,
26.11.2021,19:00,20:00,270.0,
26.11.2021,20:00,21:00,0.0,
26.11.2021,21:00,22:00,0.0,
26.11.2021,22:00,23:00,0.0,
26.11.2021,23:00,00:00,0.0,
27.11.2021,00:00,01:00,0.0,
27.11.2021,01:00,02:00,0.0,
27.11.2021,02:00,03:00,0.0,
27.11.2021,03:00,04:00,0.0,
27.11.2021,04:00,05:00,0.0,
27.11.2021,05:00,06:00,0.0,
27.11.2021,06:00,07:00,0.0,
27.11.2021,07:00,08:00,0.0,
27.11.2021,08:00,09:00,234.0,
27.11.2021,09:00,10:00,412.0,
27.11.2021,10:00,11:00,416.0,
27.11.2021,11:00,12:00,418.0,
27.11.2021,12:00,13:00,418.0,
27.11.2021,13:00,14:00,418.0,
27.11.2021,14:00,15:00,419.0,
27.11.2021,15:00,16:00,419.0,
27.11.2021,16:00,17:00,395.0,
27.11.2021,17:00,18:00,415.0,
27.11.2021,18:00,19:00,411.0,
27.11.2021,19:00,20:00,393.0,
27.11.2021,20:00,21:00,403.0,
27.11.2021,21:00,22:00,411.0,
27.11.2021,22:00,23:00,396.0,
27.11.2021,23:00,00:00,303.0,
28.11.2021,00:00,01:00,0.0,
28.11.2021,01:00,02:00,0.0,
28.11.2021,02:00,03:00,0.0,
28.11.2021,03:00,04:00,0.0,
28.11.2021,04:00,05:00,0.0,
28.11.2021,05:00,06:00,0.0,
28.11.2021,06:00,07:00,0.0,
28.11.2021,07:00,08:00,0.0,
28.11.2021,08:00,09:00,0.0,
28.11.2021,09:00,10:00,0.0,
28.11.2021,10:00,11:00,232.0,
28.11.2021,11:00,12:00,410.0,
28.11.2021,12:00,13:00,361.0,
28.11.2021,13:00,14:00,402.0,
28.11.2021,14:00,15:00,403.0,
28.11.2021,15:00,16:00,403.0,
28.11.2021,16:00,17:00,403.0,
28.11.2021,17:00,18:00,403.0,
28.11.2021,18:00,19:00,404.0,
28.11.2021,19:00,20:00,404.0,
28.11.2021,20:00,21:00,405.0,
28.11.2021,21:00,22:00,405.0,
28.11.2021,22:00,23:00,406.0,
28.11.2021,23:00,00:00,332.0,
29.11.2021,00:00,01:00,311.0,
29.11.2021,01:00,02:00,330.0,
29.11.2021,02:00,03:00,333.0,
29.11.2021,03:00,04:00,297.0,
29.11.2021,04:00,05:00,330.0,
29.11.2021,05:00,06:00,331.0,
29.11.2021,06:00,07:00,405.0,
29.11.2021,07:00,08:00,406.0,
29.11.2021,08:00,09:00,419.0,
29.11.2021,09:00,10:00,420.0,
29.11.2021,10:00,11:00,414.0,
29.11.2021,11:00,12:00,416.0,
29.11.2021,12:00,13:00,415.0,
29.11.2021,13:00,14:00,419.0,
29.11.2021,14:00,15:00,424.0,
29.11.2021,15:00,16:00,425.0,
29.11.2021,16:00,17:00,423.0,
29.11.2021,17:00,18:00,424.0,
29.11.2021,18:00,19:00,425.0,
29.11.2021,19:00,20:00,418.0,
29.11.2021,20:00,21:00,379.0,
29.11.2021,21:00,22:00,333.0,
29.11.2021,22:00,23:00,287.0,
29.11.2021,23:00,00:00,291.0,
30.11.2021,00:00,01:00,0.0,
30.11.2021,01:00,02:00,0.0,
30.11.2021,02:00,03:00,0.0,
30.11.2021,03:00,04:00,0.0,
30.11.2021,04:00,05:00,0.0,
30.11.2021,05:00,06:00,0.0,
30.11.2021,06:00,07:00,0.0,
30.11.2021,07:00,08:00,0.0,
30.11.2021,08:00,09:00,0.0,
30.11.2021,09:00,10:00,0.0,
30.11.2021,10:00,11:00,0.0,
30.11.2021,11:00,12:00,0.0,
30.11.2021,12:00,13:00,0.0,
30.11.2021,13:00,14:00,0.0,
30.11.2021,14:00,15:00,0.0,
30.11.2021,15:00,16:00,0.0,
30.11.2021,16:00,17:00,0.0,
30.11.2021,17:00,18:00,0.0,
30.11.2021,18:00,19:00,0.0,
30.11.2021,19:00,20:00,0.0,
30.11.2021,20:00,21:00,0.0,
30.11.2021,21:00,22:00,0.0,
30.11.2021,22:00,23:00,0.0,
30.11.2021,23:00,00:00,0.0,
01.12.2021,00:00,01:00,0.0,
01.12.2021,01:00,02:00,0.0,
01.12.2021,02:00,03:00,0.0,
01.12.2021,03:00,04:00,0.0,
01.12.2021,04:00,05:00,0.0,
01.12.2021,05:00,06:00,0.0,
01.12.2021,06:00,07:00,0.0,
01.12.2021,07:00,08:00,0.0,
01.12.2021,08:00,09:00,0.0,
01.12.2021,09:00,10:00,0.0,
01.12.2021,10:00,11:00,0.0,
01.12.2021,11:00,12:00,0.0,
01.12.2021,12:00,13:00,0.0,
01.12.2021,13:00,14:00,0.0,
01.12.2021,14:00,15:00,0.0,
01.12.2021,15:00,16:00,0.0,
01.12.2021,16:00,17:00,0.0,
01.12.2021,17:00,18:00,0.0,
01.12.2021,18:00,19:00,0.0,
01.12.2021,19:00,20:00,0.0,
01.12.2021,20:00,21:00,0.0,
01.12.2021,21:00,22:00,0.0,
01.12.2021,22:00,23:00,0.0,
01.12.2021,23:00,00:00,0.0,
02.12.2021,00:00,01:00,0.0,
02.12.2021,01:00,02:00,0.0,
02.12.2021,02:00,03:00,0.0,
02.12.2021,03:00,04:00,0.0,
02.12.2021,04:00,05:00,0.0,
02.12.2021,05:00,06:00,0.0,
02.12.2021,06:00,07:00,144.0,
02.12.2021,07:00,08:00,319.0,
02.12.2021,08:00,09:00,402.0,
02.12.2021,09:00,10:00,413.0,
02.12.2021,10:00,11:00,414.0,
02.12.2021,11:00,12:00,415.0,
02.12.2021,12:00,13:00,415.0,
02.12.2021,13:00,14:00,415.0,
02.12.2021,14:00,15:00,417.0,
02.12.2021,15:00,16:00,416.0,
02.12.2021,16:00,17:00,420.0,
02.12.2021,17:00,18:00,422.0,
02.12.2021,18:00,19:00,415.0,
02.12.2021,19:00,20:00,399.0,
02.12.2021,20:00,21:00,378.0,
02.12.2021,21:00,22:00,303.0,
02.12.2021,22:00,23:00,0.0,
02.12.2021,23:00,00:00,0.0,
03.12.2021,00:00,01:00,0.0,
03.12.2021,01:00,02:00,0.0,
03.12.2021,02:00,03:00,0.0,
03.12.2021,03:00,04:00,0.0,
03.12.2021,04:00,05:00,0.0,
03.12.2021,05:00,06:00,0.0,
03.12.2021,06:00,07:00,0.0,
03.12.2021,07:00,08:00,0.0,
03.12.2021,08:00,09:00,0.0,
03.12.2021,09:00,10:00,0.0,
03.12.2021,10:00,11:00,0.0,
03.12.2021,11:00,12:00,0.0,
03.12.2021,12:00,13:00,0.0,
03.12.2021,13:00,14:00,0.0,
03.12.2021,14:00,15:00,0.0,
03.12.2021,15:00,16:00,0.0,
03.12.2021,16:00,17:00,0.0,
03.12.2021,17:00,18:00,0.0,
03.12.2021,18:00,19:00,0.0,
03.12.2021,19:00,20:00,0.0,
03.12.2021,20:00,21:00,0.0,
03.12.2021,21:00,22:00,0.0,
03.12.2021,22:00,23:00,0.0,
03.12.2021,23:00,00:00,0.0,
04.12.2021,00:00,01:00,0.0,
04.12.2021,01:00,02:00,0.0,
04.12.2021,02:00,03:00,0.0,
04.12.2021,03:00,04:00,0.0,
04.12.2021,04:00,05:00,0.0,
04.12.2021,05:00,06:00,0.0,
04.12.2021,06:00,07:00,63.0,
04.12.2021,07:00,08:00,317.0,
04.12.2021,08:00,09:00,406.0,
04.12.2021,09:00,10:00,410.0,
04.12.2021,10:00,11:00,408.0,
04.12.2021,11:00,12:00,410.0,
04.12.2021,12:00,13:00,425.0,
04.12.2021,13:00,14:00,425.0,
04.12.2021,14:00,15:00,418.0,
04.12.2021,15:00,16:00,425.0,
04.12.2021,16:00,17:00,418.0,
04.12.2021,17:00,18:00,409.0,
04.12.2021,18:00,19:00,410.0,
04.12.2021,19:00,20:00,416.0,
04.12.2021,20:00,21:00,299.0,
04.12.2021,21:00,22:00,0.0,
04.12.2021,22:00,23:00,0.0,
04.12.2021,23:00,00:00,0.0,
05.12.2021,00:00,01:00,0.0,
05.12.2021,01:00,02:00,0.0,
05.12.2021,02:00,03:00,0.0,
05.12.2021,03:00,04:00,0.0,
05.12.2021,04:00,05:00,0.0,
05.12.2021,05:00,06:00,0.0,
05.12.2021,06:00,07:00,0.0,
05.12.2021,07:00,08:00,0.0,
05.12.2021,08:00,09:00,0.0,
05.12.2021,09:00,10:00,0.0,
05.12.2021,10:00,11:00,0.0,
05.12.2021,11:00,12:00,0.0,
05.12.2021,12:00,13:00,0.0,
05.12.2021,13:00,14:00,0.0,
05.12.2021,14:00,15:00,0.0,
05.12.2021,15:00,16:00,0.0,
05.12.2021,16:00,17:00,0.0,
05.12.2021,17:00,18:00,0.0,
05.12.2021,18:00,19:00,0.0,
05.12.2021,19:00,20:00,0.0,
05.12.2021,20:00,21:00,0.0,
05.12.2021,21:00,22:00,0.0,
05.12.2021,22:00,23:00,0.0,
05.12.2021,23:00,00:00,0.0,
06.12.2021,00:00,01:00,0.0,
06.12.2021,01:00,02:00,0.0,
06.12.2021,02:00,03:00,0.0,
06.12.2021,03:00,04:00,0.0,
06.12.2021,04:00,05:00,140.0,
06.12.2021,05:00,06:00,319.0,
06.12.2021,06:00,07:00,351.0,
06.12.2021,07:00,08:00,352.0,
06.12.2021,08:00,09:00,427.0,
06.12.2021,09:00,10:00,428.0,
06.12.2021,10:00,11:00,428.0,
06.12.2021,11:00,12:00,428.0,
06.12.2021,12:00,13:00,428.0,
06.12.2021,13:00,14:00,426.0,
06.12.2021,14:00,15:00,423.0,
06.12.2021,15:00,16:00,393.0,
06.12.2021,16:00,17:00,403.0,
06.12.2021,17:00,18:00,416.0,
06.12.2021,18:00,19:00,413.0,
06.12.2021,19:00,20:00,391.0,
06.12.2021,20:00,21:00,355.0,
06.12.2021,21:00,22:00,367.0,
06.12.2021,22:00,23:00,293.0,
06.12.2021,23:00,00:00,0.0,
07.12.2021,00:00,01:00,0.0,
07.12.2021,01:00,02:00,0.0,
07.12.2021,02:00,03:00,0.0,
07.12.2021,03:00,04:00,0.0,
07.12.2021,04:00,05:00,0.0,
07.12.2021,05:00,06:00,0.0,
07.12.2021,06:00,07:00,253.0,
07.12.2021,07:00,08:00,388.0,
07.12.2021,08:00,09:00,418.0,
07.12.2021,09:00,10:00,425.0,
07.12.2021,10:00,11:00,429.0,
07.12.2021,11:00,12:00,419.0,
07.12.2021,12:00,13:00,394.0,
07.12.2021,13:00,14:00,414.0,
07.12.2021,14:00,15:00,408.0,
07.12.2021,15:00,16:00,417.0,
07.12.2021,16:00,17:00,423.0,
07.12.2021,17:00,18:00,414.0,
07.12.2021,18:00,19:00,381.0,
07.12.2021,19:00,20:00,355.0,
07.12.2021,20:00,21:00,299.0,
07.12.2021,21:00,22:00,0.0,
07.12.2021,22:00,23:00,0.0,
07.12.2021,23:00,00:00,0.0,
08.12.2021,00:00,01:00,0.0,
08.12.2021,01:00,02:00,0.0,
08.12.2021,02:00,03:00,0.0,
08.12.2021,03:00,04:00,0.0,
08.12.2021,04:00,05:00,0.0,
08.12.2021,05:00,06:00,0.0,
08.12.2021,06:00,07:00,0.0,
08.12.2021,07:00,08:00,0.0,
08.12.2021,08:00,09:00,0.0,
08.12.2021,09:00,10:00,0.0,
08.12.2021,10:00,11:00,227.0,
08.12.2021,11:00,12:00,383.0,
08.12.2021,12:00,13:00,385.0,
08.12.2021,13:00,14:00,399.0,
08.12.2021,14:00,15:00,396.0,
08.12.2021,15:00,16:00,412.0,
08.12.2021,16:00,17:00,410.0,
08.12.2021,17:00,18:00,408.0,
08.12.2021,18:00,19:00,408.0,
08.12.2021,19:00,20:00,402.0,
08.12.2021,20:00,21:00,383.0,
08.12.2021,21:00,22:00,191.0,
08.12.2021,22:00,23:00,0.0,
08.12.2021,23:00,00:00,0.0,
09.12.2021,00:00,01:00,0.0,
09.12.2021,01:00,02:00,0.0,
09.12.2021,02:00,03:00,0.0,
09.12.2021,03:00,04:00,0.0,
09.12.2021,04:00,05:00,0.0,
09.12.2021,05:00,06:00,255.0,
09.12.2021,06:00,07:00,383.0,
09.12.2021,07:00,08:00,404.0,
09.12.2021,08:00,09:00,419.0,
09.12.2021,09:00,10:00,419.0,
09.12.2021,10:00,11:00,424.0,
09.12.2021,11:00,12:00,424.0,
09.12.2021,12:00,13:00,427.0,
09.12.2021,13:00,14:00,425.0,
09.12.2021,14:00,15:00,425.0,
09.12.2021,15:00,16:00,425.0,
09.12.2021,16:00,17:00,427.0,
09.12.2021,17:00,18:00,428.0,
09.12.2021,18:00,19:00,424.0,
09.12.2021,19:00,20:00,415.0,
09.12.2021,20:00,21:00,396.0,
09.12.2021,21:00,22:00,388.0,
09.12.2021,22:00,23:00,301.0,
09.12.2021,23:00,00:00,0.0,
10.12.2021,00:00,01:00,0.0,
10.12.2021,01:00,02:00,0.0,
10.12.2021,02:00,03:00,0.0,
10.12.2021,03:00,04:00,0.0,
10.12.2021,04:00,05:00,0.0,
10.12.2021,05:00,06:00,0.0,
10.12.2021,06:00,07:00,256.0,
10.12.2021,07:00,08:00,410.0,
10.12.2021,08:00,09:00,426.0,
10.12.2021,09:00,10:00,420.0,
10.12.2021,10:00,11:00,417.0,
10.12.2021,11:00,12:00,417.0,
10.12.2021,12:00,13:00,417.0,
10.12.2021,13:00,14:00,417.0,
10.12.2021,14:00,15:00,417.0,
10.12.2021,15:00,16:00,417.0,
10.12.2021,16:00,17:00,421.0,
10.12.2021,17:00,18:00,431.0,
10.12.2021,18:00,19:00,431.0,
10.12.2021,19:00,20:00,423.0,
10.12.2021,20:00,21:00,417.0,
10.12.2021,21:00,22:00,417.0,
10.12.2021,22:00,23:00,419.0,
10.12.2021,23:00,00:00,301.0,
11.12.2021,00:00,01:00,0.0,
11.12.2021,01:00,02:00,0.0,
11.12.2021,02:00,03:00,0.0,
11.12.2021,03:00,04:00,0.0,
11.12.2021,04:00,05:00,0.0,
11.12.2021,05:00,06:00,0.0,
11.12.2021,06:00,07:00,255.0,
11.12.2021,07:00,08:00,414.0,
11.12.2021,08:00,09:00,420.0,
11.12.2021,09:00,10:00,418.0,
11.12.2021,10:00,11:00,411.0,
11.12.2021,11:00,12:00,418.0,
11.12.2021,12:00,13:00,382.0,
11.12.2021,13:00,14:00,334.0,
11.12.2021,14:00,15:00,373.0,
11.12.2021,15:00,16:00,386.0,
11.12.2021,16:00,17:00,322.0,
11.12.2021,17:00,18:00,299.0,
11.12.2021,18:00,19:00,253.0,
11.12.2021,19:00,20:00,378.0,
11.12.2021,20:00,21:00,298.0,
11.12.2021,21:00,22:00,0.0,
11.12.2021,22:00,23:00,0.0,
11.12.2021,23:00,00:00,0.0,
12.12.2021,00:00,01:00,0.0,
12.12.2021,01:00,02:00,0.0,
12.12.2021,02:00,03:00,0.0,
12.12.2021,03:00,04:00,0.0,
12.12.2021,04:00,05:00,0.0,
12.12.2021,05:00,06:00,0.0,
12.12.2021,06:00,07:00,0.0,
12.12.2021,07:00,08:00,0.0,
12.12.2021,08:00,09:00,0.0,
12.12.2021,09:00,10:00,0.0,
12.12.2021,10:00,11:00,0.0,
12.12.2021,11:00,12:00,0.0,
12.12.2021,12:00,13:00,0.0,
12.12.2021,13:00,14:00,0.0,
12.12.2021,14:00,15:00,0.0,
12.12.2021,15:00,16:00,0.0,
12.12.2021,16:00,17:00,0.0,
12.12.2021,17:00,18:00,0.0,
12.12.2021,18:00,19:00,0.0,
12.12.2021,19:00,20:00,0.0,
12.12.2021,20:00,21:00,0.0,
12.12.2021,21:00,22:00,0.0,
12.12.2021,22:00,23:00,0.0,
12.12.2021,23:00,00:00,0.0,
13.12.2021,00:00,01:00,0.0,
13.12.2021,01:00,02:00,0.0,
13.12.2021,02:00,03:00,0.0,
13.12.2021,03:00,04:00,0.0,
13.12.2021,04:00,05:00,0.0,
13.12.2021,05:00,06:00,0.0,
13.12.2021,06:00,07:00,144.0,
13.12.2021,07:00,08:00,319.0,
13.12.2021,08:00,09:00,421.0,
13.12.2021,09:00,10:00,427.0,
13.12.2021,10:00,11:00,426.0,
13.12.2021,11:00,12:00,419.0,
13.12.2021,12:00,13:00,422.0,
13.12.2021,13:00,14:00,423.0,
13.12.2021,14:00,15:00,422.0,
13.12.2021,15:00,16:00,422.0,
13.12.2021,16:00,17:00,428.0,
13.12.2021,17:00,18:00,430.0,
13.12.2021,18:00,19:00,427.0,
13.12.2021,19:00,20:00,425.0,
13.12.2021,20:00,21:00,412.0,
13.12.2021,21:00,22:00,301.0,
13.12.2021,22:00,23:00,0.0,
13.12.2021,23:00,00:00,0.0,
14.12.2021,00:00,01:00,0.0,
14.12.2021,01:00,02:00,0.0,
14.12.2021,02:00,03:00,0.0,
14.12.2021,03:00,04:00,0.0,
14.12.2021,04:00,05:00,0.0,
14.12.2021,05:00,06:00,0.0,
14.12.2021,06:00,07:00,149.0,
14.12.2021,07:00,08:00,385.0,
14.12.2021,08:00,09:00,419.0,
14.12.2021,09:00,10:00,420.0,
14.12.2021,10:00,11:00,421.0,
14.12.2021,11:00,12:00,432.0,
14.12.2021,12:00,13:00,432.0,
14.12.2021,13:00,14:00,433.0,
14.12.2021,14:00,15:00,433.0,
14.12.2021,15:00,16:00,433.0,
14.12.2021,16:00,17:00,431.0,
14.12.2021,17:00,18:00,423.0,
14.12.2021,18:00,19:00,423.0,
14.12.2021,19:00,20:00,426.0,
14.12.2021,20:00,21:00,421.0,
14.12.2021,21:00,22:00,414.0,
14.12.2021,22:00,23:00,400.0,
14.12.2021,23:00,00:00,192.0,
15.12.2021,00:00,01:00,0.0,
15.12.2021,01:00,02:00,0.0,
15.12.2021,02:00,03:00,0.0,
15.12.2021,03:00,04:00,0.0,
15.12.2021,04:00,05:00,0.0,
15.12.2021,05:00,06:00,0.0,
15.12.2021,06:00,07:00,254.0,
15.12.2021,07:00,08:00,413.0,
15.12.2021,08:00,09:00,418.0,
15.12.2021,09:00,10:00,419.0,
15.12.2021,10:00,11:00,420.0,
15.12.2021,11:00,12:00,419.0,
15.12.2021,12:00,13:00,420.0,
15.12.2021,13:00,14:00,420.0,
15.12.2021,14:00,15:00,423.0,
15.12.2021,15:00,16:00,435.0,
15.12.2021,16:00,17:00,434.0,
15.12.2021,17:00,18:00,437.0,
15.12.2021,18:00,19:00,438.0,
15.12.2021,19:00,20:00,429.0,
15.12.2021,20:00,21:00,421.0,
15.12.2021,21:00,22:00,313.0,
15.12.2021,22:00,23:00,0.0,
15.12.2021,23:00,00:00,0.0,
16.12.2021,00:00,01:00,0.0,
16.12.2021,01:00,02:00,0.0,
16.12.2021,02:00,03:00,0.0,
16.12.2021,03:00,04:00,0.0,
16.12.2021,04:00,05:00,0.0,
16.12.2021,05:00,06:00,253.0,
16.12.2021,06:00,07:00,387.0,
16.12.2021,07:00,08:00,409.0,
16.12.2021,08:00,09:00,436.0,
16.12.2021,09:00,10:00,436.0,
16.12.2021,10:00,11:00,435.0,
16.12.2021,11:00,12:00,434.0,
16.12.2021,12:00,13:00,430.0,
16.12.2021,13:00,14:00,427.0,
16.12.2021,14:00,15:00,422.0,
16.12.2021,15:00,16:00,430.0,
16.12.2021,16:00,17:00,433.0,
16.12.2021,17:00,18:00,433.0,
16.12.2021,18:00,19:00,434.0,
16.12.2021,19:00,20:00,426.0,
16.12.2021,20:00,21:00,387.0,
16.12.2021,21:00,22:00,386.0,
16.12.2021,22:00,23:00,384.0,
16.12.2021,23:00,00:00,335.0,
17.12.2021,00:00,01:00,401.0,
17.12.2021,01:00,02:00,8.0,
17.12.2021,02:00,03:00,0.0,
17.12.2021,03:00,04:00,0.0,
17.12.2021,04:00,05:00,0.0,
17.12.2021,05:00,06:00,251.0,
17.12.2021,06:00,07:00,390.0,
17.12.2021,07:00,08:00,430.0,
17.12.2021,08:00,09:00,437.0,
17.12.2021,09:00,10:00,437.0,
17.12.2021,10:00,11:00,436.0,
17.12.2021,11:00,12:00,432.0,
17.12.2021,12:00,13:00,426.0,
17.12.2021,13:00,14:00,426.0,
17.12.2021,14:00,15:00,426.0,
17.12.2021,15:00,16:00,426.0,
17.12.2021,16:00,17:00,431.0,
17.12.2021,17:00,18:00,436.0,
17.12.2021,18:00,19:00,429.0,
17.12.2021,19:00,20:00,403.0,
17.12.2021,20:00,21:00,378.0,
17.12.2021,21:00,22:00,410.0,
17.12.2021,22:00,23:00,425.0,
17.12.2021,23:00,00:00,308.0,
18.12.2021,00:00,01:00,0.0,
18.12.2021,01:00,02:00,0.0,
18.12.2021,02:00,03:00,0.0,
18.12.2021,03:00,04:00,0.0,
18.12.2021,04:00,05:00,0.0,
18.12.2021,05:00,06:00,0.0,
18.12.2021,06:00,07:00,0.0,
18.12.2021,07:00,08:00,0.0,
18.12.2021,08:00,09:00,0.0,
18.12.2021,09:00,10:00,0.0,
18.12.2021,10:00,11:00,0.0,
18.12.2021,11:00,12:00,0.0,
18.12.2021,12:00,13:00,0.0,
18.12.2021,13:00,14:00,0.0,
18.12.2021,14:00,15:00,0.0,
18.12.2021,15:00,16:00,0.0,
18.12.2021,16:00,17:00,0.0,
18.12.2021,17:00,18:00,0.0,
18.12.2021,18:00,19:00,0.0,
18.12.2021,19:00,20:00,0.0,
18.12.2021,20:00,21:00,0.0,
18.12.2021,21:00,22:00,0.0,
18.12.2021,22:00,23:00,0.0,
18.12.2021,23:00,00:00,0.0,
19.12.2021,00:00,01:00,0.0,
19.12.2021,01:00,02:00,0.0,
19.12.2021,02:00,03:00,0.0,
19.12.2021,03:00,04:00,0.0,
19.12.2021,04:00,05:00,0.0,
19.12.2021,05:00,06:00,0.0,
19.12.2021,06:00,07:00,0.0,
19.12.2021,07:00,08:00,0.0,
19.12.2021,08:00,09:00,133.0,
19.12.2021,09:00,10:00,211.0,
19.12.2021,10:00,11:00,211.0,
19.12.2021,11:00,12:00,212.0,
19.12.2021,12:00,13:00,212.0,
19.12.2021,13:00,14:00,212.0,
19.12.2021,14:00,15:00,212.0,
19.12.2021,15:00,16:00,212.0,
19.12.2021,16:00,17:00,211.0,
19.12.2021,17:00,18:00,211.0,
19.12.2021,18:00,19:00,211.0,
19.12.2021,19:00,20:00,212.0,
19.12.2021,20:00,21:00,212.0,
19.12.2021,21:00,22:00,212.0,
19.12.2021,22:00,23:00,212.0,
19.12.2021,23:00,00:00,212.0,
20.12.2021,00:00,01:00,24.0,
20.12.2021,01:00,02:00,0.0,
20.12.2021,02:00,03:00,0.0,
20.12.2021,03:00,04:00,0.0,
20.12.2021,04:00,05:00,0.0,
20.12.2021,05:00,06:00,0.0,
20.12.2021,06:00,07:00,90.0,
20.12.2021,07:00,08:00,330.0,
20.12.2021,08:00,09:00,439.0,
20.12.2021,09:00,10:00,422.0,
20.12.2021,10:00,11:00,438.0,
20.12.2021,11:00,12:00,379.0,
20.12.2021,12:00,13:00,385.0,
20.12.2021,13:00,14:00,442.0,
20.12.2021,14:00,15:00,445.0,
20.12.2021,15:00,16:00,445.0,
20.12.2021,16:00,17:00,446.0,
20.12.2021,17:00,18:00,446.0,
20.12.2021,18:00,19:00,444.0,
20.12.2021,19:00,20:00,445.0,
20.12.2021,20:00,21:00,445.0,
20.12.2021,21:00,22:00,443.0,
20.12.2021,22:00,23:00,429.0,
20.12.2021,23:00,00:00,415.0,
21.12.2021,00:00,01:00,411.0,
21.12.2021,01:00,02:00,425.0,
21.12.2021,02:00,03:00,430.0,
21.12.2021,03:00,04:00,429.0,
21.12.2021,04:00,05:00,418.0,
21.12.2021,05:00,06:00,400.0,
21.12.2021,06:00,07:00,402.0,
21.12.2021,07:00,08:00,439.0,
21.12.2021,08:00,09:00,441.0,
21.12.2021,09:00,10:00,443.0,
21.12.2021,10:00,11:00,445.0,
21.12.2021,11:00,12:00,443.0,
21.12.2021,12:00,13:00,440.0,
21.12.2021,13:00,14:00,435.0,
21.12.2021,14:00,15:00,443.0,
21.12.2021,15:00,16:00,445.0,
21.12.2021,16:00,17:00,444.0,
21.12.2021,17:00,18:00,444.0,
21.12.2021,18:00,19:00,444.0,
21.12.2021,19:00,20:00,444.0,
21.12.2021,20:00,21:00,427.0,
21.12.2021,21:00,22:00,427.0,
21.12.2021,22:00,23:00,420.0,
21.12.2021,23:00,00:00,400.0,
22.12.2021,00:00,01:00,427.0,
22.12.2021,01:00,02:00,416.0,
22.12.2021,02:00,03:00,428.0,
22.12.2021,03:00,04:00,361.0,
22.12.2021,04:00,05:00,405.0,
22.12.2021,05:00,06:00,433.0,
22.12.2021,06:00,07:00,416.0,
22.12.2021,07:00,08:00,443.0,
22.12.2021,08:00,09:00,444.0,
22.12.2021,09:00,10:00,442.0,
22.12.2021,10:00,11:00,404.0,
22.12.2021,11:00,12:00,376.0,
22.12.2021,12:00,13:00,362.0,
22.12.2021,13:00,14:00,389.0,
22.12.2021,14:00,15:00,416.0,
22.12.2021,15:00,16:00,442.0,
22.12.2021,16:00,17:00,442.0,
22.12.2021,17:00,18:00,442.0,
22.12.2021,18:00,19:00,442.0,
22.12.2021,19:00,20:00,436.0,
22.12.2021,20:00,21:00,389.0,
22.12.2021,21:00,22:00,306.0,
22.12.2021,22:00,23:00,0.0,
22.12.2021,23:00,00:00,0.0,
23.12.2021,00:00,01:00,0.0,
23.12.2021,01:00,02:00,0.0,
23.12.2021,02:00,03:00,0.0,
23.12.2021,03:00,04:00,0.0,
23.12.2021,04:00,05:00,0.0,
23.12.2021,05:00,06:00,0.0,
23.12.2021,06:00,07:00,0.0,
23.12.2021,07:00,08:00,0.0,
23.12.2021,08:00,09:00,0.0,
23.12.2021,09:00,10:00,0.0,
23.12.2021,10:00,11:00,0.0,
23.12.2021,11:00,12:00,0.0,
23.12.2021,12:00,13:00,0.0,
23.12.2021,13:00,14:00,0.0,
23.12.2021,14:00,15:00,0.0,
23.12.2021,15:00,16:00,0.0,
23.12.2021,16:00,17:00,0.0,
23.12.2021,17:00,18:00,0.0,
23.12.2021,18:00,19:00,0.0,
23.12.2021,19:00,20:00,0.0,
23.12.2021,20:00,21:00,0.0,
23.12.2021,21:00,22:00,0.0,
23.12.2021,22:00,23:00,0.0,
23.12.2021,23:00,00:00,0.0,
24.12.2021,00:00,01:00,0.0,
24.12.2021,01:00,02:00,0.0,
24.12.2021,02:00,03:00,0.0,
24.12.2021,03:00,04:00,0.0,
24.12.2021,04:00,05:00,0.0,
24.12.2021,05:00,06:00,0.0,
24.12.2021,06:00,07:00,0.0,
24.12.2021,07:00,08:00,0.0,
24.12.2021,08:00,09:00,0.0,
24.12.2021,09:00,10:00,0.0,
24.12.2021,10:00,11:00,0.0,
24.12.2021,11:00,12:00,0.0,
24.12.2021,12:00,13:00,0.0,
24.12.2021,13:00,14:00,0.0,
24.12.2021,14:00,15:00,0.0,
24.12.2021,15:00,16:00,0.0,
24.12.2021,16:00,17:00,0.0,
24.12.2021,17:00,18:00,0.0,
24.12.2021,18:00,19:00,0.0,
24.12.2021,19:00,20:00,0.0,
24.12.2021,20:00,21:00,0.0,
24.12.2021,21:00,22:00,0.0,
24.12.2021,22:00,23:00,0.0,
24.12.2021,23:00,00:00,0.0,
25.12.2021,00:00,01:00,0.0,
25.12.2021,01:00,02:00,0.0,
25.12.2021,02:00,03:00,0.0,
25.12.2021,03:00,04:00,0.0,
25.12.2021,04:00,05:00,0.0,
25.12.2021,05:00,06:00,0.0,
25.12.2021,06:00,07:00,0.0,
25.12.2021,07:00,08:00,0.0,
25.12.2021,08:00,09:00,0.0,
25.12.2021,09:00,10:00,0.0,
25.12.2021,10:00,11:00,0.0,
25.12.2021,11:00,12:00,0.0,
25.12.2021,12:00,13:00,0.0,
25.12.2021,13:00,14:00,0.0,
25.12.2021,14:00,15:00,0.0,
25.12.2021,15:00,16:00,0.0,
25.12.2021,16:00,17:00,0.0,
25.12.2021,17:00,18:00,0.0,
25.12.2021,18:00,19:00,0.0,
25.12.2021,19:00,20:00,0.0,
25.12.2021,20:00,21:00,0.0,
25.12.2021,21:00,22:00,0.0,
25.12.2021,22:00,23:00,0.0,
25.12.2021,23:00,00:00,0.0,
26.12.2021,00:00,01:00,0.0,
26.12.2021,01:00,02:00,0.0,
26.12.2021,02:00,03:00,0.0,
26.12.2021,03:00,04:00,0.0,
26.12.2021,04:00,05:00,0.0,
26.12.2021,05:00,06:00,0.0,
26.12.2021,06:00,07:00,0.0,
26.12.2021,07:00,08:00,0.0,
26.12.2021,08:00,09:00,0.0,
26.12.2021,09:00,10:00,0.0,
26.12.2021,10:00,11:00,0.0,
26.12.2021,11:00,12:00,0.0,
26.12.2021,12:00,13:00,0.0,
26.12.2021,13:00,14:00,0.0,
26.12.2021,14:00,15:00,0.0,
26.12.2021,15:00,16:00,0.0,
26.12.2021,16:00,17:00,0.0,
26.12.2021,17:00,18:00,0.0,
26.12.2021,18:00,19:00,0.0,
26.12.2021,19:00,20:00,0.0,
26.12.2021,20:00,21:00,0.0,
26.12.2021,21:00,22:00,0.0,
26.12.2021,22:00,23:00,0.0,
26.12.2021,23:00,00:00,0.0,
27.12.2021,00:00,01:00,,
27.12.2021,01:00,02:00,,
27.12.2021,02:00,03:00,,
27.12.2021,03:00,04:00,,
27.12.2021,04:00,05:00,,
27.12.2021,05:00,06:00,,
27.12.2021,06:00,07:00,,
27.12.2021,07:00,08:00,,
27.12.2021,08:00,09:00,,
27.12.2021,09:00,10:00,,
27.12.2021,10:00,11:00,,
27.12.2021,11:00,12:00,,
27.12.2021,12:00,13:00,,
27.12.2021,13:00,14:00,,
27.12.2021,14:00,15:00,,
27.12.2021,15:00,16:00,,
27.12.2021,16:00,17:00,,
27.12.2021,17:00,18:00,,
27.12.2021,18:00,19:00,,
27.12.2021,19:00,20:00,,
27.12.2021,20:00,21:00,,
27.12.2021,21:00,22:00,,
27.12.2021,22:00,23:00,,
27.12.2021,23:00,00:00,,
28.12.2021,00:00,01:00,,
28.12.2021,01:00,02:00,,
28.12.2021,02:00,03:00,,
28.12.2021,03:00,04:00,,
28.12.2021,04:00,05:00,,
28.12.2021,05:00,06:00,,
28.12.2021,06:00,07:00,,
28.12.2021,07:00,08:00,,
28.12.2021,08:00,09:00,,
28.12.2021,09:00,10:00,,
28.12.2021,10:00,11:00,,
28.12.2021,11:00,12:00,,
28.12.2021,12:00,13:00,,
28.12.2021,13:00,14:00,,
28.12.2021,14:00,15:00,,
28.12.2021,15:00,16:00,,
28.12.2021,16:00,17:00,,
28.12.2021,17:00,18:00,,
28.12.2021,18:00,19:00,,
28.12.2021,19:00,20:00,,
28.12.2021,20:00,21:00,,
28.12.2021,21:00,22:00,,
28.12.2021,22:00,23:00,,
28.12.2021,23:00,00:00,,
29.12.2021,00:00,01:00,,
29.12.2021,01:00,02:00,0.0,
29.12.2021,02:00,03:00,0.0,
29.12.2021,03:00,04:00,0.0,
29.12.2021,04:00,05:00,0.0,
29.12.2021,05:00,06:00,0.0,
29.12.2021,06:00,07:00,0.0,
29.12.2021,07:00,08:00,0.0,
29.12.2021,08:00,09:00,0.0,
29.12.2021,09:00,10:00,0.0,
29.12.2021,10:00,11:00,0.0,
29.12.2021,11:00,12:00,0.0,
29.12.2021,12:00,13:00,0.0,
29.12.2021,13:00,14:00,0.0,
29.12.2021,14:00,15:00,0.0,
29.12.2021,15:00,16:00,0.0,
29.12.2021,16:00,17:00,0.0,
29.12.2021,17:00,18:00,0.0,
29.12.2021,18:00,19:00,0.0,
29.12.2021,19:00,20:00,0.0,
29.12.2021,20:00,21:00,0.0,
29.12.2021,21:00,22:00,0.0,
29.12.2021,22:00,23:00,0.0,
29.12.2021,23:00,00:00,0.0,
30.12.2021,00:00,01:00,0.0,
30.12.2021,01:00,02:00,0.0,
30.12.2021,02:00,03:00,0.0,
30.12.2021,03:00,04:00,0.0,
30.12.2021,04:00,05:00,0.0,
30.12.2021,05:00,06:00,0.0,
30.12.2021,06:00,07:00,0.0,
30.12.2021,07:00,08:00,0.0,
30.12.2021,08:00,09:00,0.0,
30.12.2021,09:00,10:00,0.0,
30.12.2021,10:00,11:00,0.0,
30.12.2021,11:00,12:00,0.0,
30.12.2021,12:00,13:00,0.0,
30.12.2021,13:00,14:00,0.0,
30.12.2021,14:00,15:00,0.0,
30.12.2021,15:00,16:00,0.0,
30.12.2021,16:00,17:00,0.0,
30.12.2021,17:00,18:00,0.0,
30.12.2021,18:00,19:00,0.0,
30.12.2021,19:00,20:00,0.0,
30.12.2021,20:00,21:00,0.0,
30.12.2021,21:00,22:00,0.0,
30.12.2021,22:00,23:00,0.0,
30.12.2021,23:00,00:00,0.0,
31.12.2021,00:00,01:00,0.0,
31.12.2021,01:00,02:00,0.0,
31.12.2021,02:00,03:00,0.0,
31.12.2021,03:00,04:00,0.0,
31.12.2021,04:00,05:00,0.0,
31.12.2021,05:00,06:00,0.0,
31.12.2021,06:00,07:00,0.0,
31.12.2021,07:00,08:00,0.0,
31.12.2021,08:00,09:00,0.0,
31.12.2021,09:00,10:00,0.0,
31.12.2021,10:00,11:00,0.0,
31.12.2021,11:00,12:00,0.0,
31.12.2021,12:00,13:00,0.0,
31.12.2021,13:00,14:00,0.0,
31.12.2021,14:00,15:00,0.0,
31.12.2021,15:00,16:00,0.0,
31.12.2021,16:00,17:00,0.0,
31.12.2021,17:00,18:00,0.0,
31.12.2021,18:00,19:00,0.0,
31.12.2021,19:00,20:00,0.0,
31.12.2021,20:00,21:00,0.0,
31.12.2021,21:00,22:00,0.0,
31.12.2021,22:00,23:00,0.0,
31.12.2021,23:00,00:00,0.0,
